/*--------------------------------*- C++ -*----------------------------------*\
  =========                 |
  \\      /  F ield         | OpenFOAM: The Open Source CFD Toolbox
   \\    /   O peration     | Website:  https://openfoam.org
    \\  /    A nd           | Version:  10
     \\/     M anipulation  |
\*---------------------------------------------------------------------------*/
FoamFile
{
    format      ascii;
    class       volScalarField;
    location    "0.3";
    object      p;
}
// * * * * * * * * * * * * * * * * * * * * * * * * * * * * * * * * * * * * * //

dimensions      [0 2 -2 0 0 0 0];

internalField   nonuniform List<scalar> 
4800
(
-5.40037e-11
-5.74385e-05
3.34145e-05
6.46792e-05
0.00022586
0.000306871
0.000485096
0.000624344
0.000640309
0.000989589
0.00112739
0.00110083
0.00127159
0.00139398
0.00162732
0.00200548
0.00250088
0.00291317
0.00313496
0.00356404
4.83221e-06
-6.17785e-05
3.4625e-05
5.99956e-05
0.000229822
0.000302287
0.000486075
0.00062012
0.000643717
0.000977832
0.00113537
0.00109885
0.0012784
0.00139399
0.00163178
0.00200118
0.0024678
0.00282784
0.00297655
0.00321413
6.01875e-06
-6.46095e-05
3.4288e-05
5.80311e-05
0.000230408
0.000301256
0.00048773
0.000619301
0.000642916
0.000971849
0.00113849
0.00110143
0.00128032
0.00139791
0.0016324
0.00198576
0.00240926
0.00271194
0.00279796
0.00295758
9.61978e-06
-6.88129e-05
3.43239e-05
5.48026e-05
0.000231166
0.000300771
0.0004868
0.000621813
0.000637645
0.000984461
0.00113148
0.00110893
0.00127962
0.00140142
0.00162811
0.00195497
0.00233915
0.00258738
0.00261309
0.00272767
1.1993e-05
-7.27244e-05
3.34047e-05
5.27261e-05
0.000230674
0.000302073
0.000483494
0.000626527
0.000629149
0.000987886
0.00112704
0.00111289
0.00128297
0.00139712
0.00162005
0.00190847
0.00224956
0.00246417
0.00242778
0.00249275
1.44902e-05
-7.60602e-05
3.10642e-05
5.18535e-05
0.000227577
0.00030597
0.000477743
0.000634038
0.000620634
0.000985064
0.00112882
0.0011108
0.00128678
0.00138656
0.0015976
0.00185447
0.00214324
0.00233352
0.00225136
0.00225893
1.6698e-05
-7.88085e-05
2.71635e-05
5.20918e-05
0.000222672
0.000311077
0.000470527
0.000640709
0.000615134
0.000975584
0.0011377
0.00110453
0.0012862
0.00137104
0.00155938
0.00179793
0.0020261
0.00218759
0.00208708
0.00203902
1.80381e-05
-7.98939e-05
2.10933e-05
5.36845e-05
0.000215519
0.000317441
0.000465151
0.000642347
0.000616388
0.000960412
0.0011422
0.00109834
0.00127766
0.00134872
0.00150777
0.00173626
0.00190612
0.0020264
0.00192708
0.00183687
1.82395e-05
-7.90066e-05
1.31118e-05
5.52589e-05
0.000208274
0.000321226
0.000462478
0.000639881
0.000619937
0.000946667
0.00114059
0.00109065
0.00126398
0.00131883
0.00143984
0.00166772
0.00179403
0.00185692
0.00175817
0.00164848
1.68689e-05
-7.5569e-05
3.3357e-06
5.61722e-05
0.000202055
0.00032093
0.000463864
0.000634847
0.000619073
0.000938431
0.00113659
0.00107091
0.00124214
0.00128877
0.00135685
0.00158541
0.00169294
0.00168878
0.00157589
0.00146746
1.35781e-05
-6.94819e-05
-6.87621e-06
5.35573e-05
0.000198786
0.000316231
0.00046526
0.000633466
0.000613406
0.000928747
0.00113644
0.00103899
0.00120245
0.00126312
0.00126746
0.00147905
0.00159736
0.00153499
0.00138618
0.00128389
8.04739e-06
-6.05791e-05
-1.59445e-05
4.59544e-05
0.000198548
0.000307665
0.000462961
0.000637545
0.000604039
0.000904849
0.00114039
0.00100695
0.00113706
0.00123363
0.00119028
0.0013541
0.00149343
0.00140073
0.00120146
0.00109076
2.32137e-07
-5.01963e-05
-2.13864e-05
3.13334e-05
0.000198262
0.000302681
0.000454173
0.000644346
0.000601583
0.000864421
0.00113686
0.00098631
0.0010485
0.00118054
0.0011255
0.00122438
0.00137121
0.00127947
0.00103549
0.000896129
-9.48701e-06
-4.03023e-05
-2.14215e-05
1.27962e-05
0.000193454
0.000303064
0.000438917
0.000646738
0.000609152
0.000809373
0.00110931
0.000974746
0.000959985
0.00110177
0.00106169
0.00109898
0.00123397
0.00116176
0.000891166
0.000712319
-2.02809e-05
-3.32203e-05
-1.49996e-05
-6.69421e-06
0.000179095
0.000326424
0.00042309
0.000635916
0.000625444
0.000762873
0.00105495
0.000954947
0.000878212
0.00100575
0.000992358
0.000981165
0.00108738
0.00103916
0.000763441
0.00054538
-3.13289e-05
-3.0481e-05
-3.64275e-06
-2.13219e-05
0.000152344
0.000329682
0.000414651
0.000608583
0.000634778
0.000730063
0.000982941
0.000915106
0.00079868
0.000899775
0.000918771
0.000875976
0.000935464
0.000906892
0.000646196
0.000397252
-4.15076e-05
-3.29858e-05
8.63521e-06
-2.60339e-05
0.000113662
0.000323728
0.000415936
0.000570813
0.000625814
0.000708852
0.000913268
0.000855458
0.000710946
0.000783629
0.000838244
0.000787763
0.000788773
0.000761374
0.000532938
0.000267011
-5.04331e-05
-4.07762e-05
1.69845e-05
-1.96255e-05
7.256e-05
0.000299975
0.000423346
0.000540587
0.000596012
0.00067678
0.000847681
0.000791425
0.000615266
0.00065085
0.000743324
0.000713087
0.000665228
0.00061079
0.000412209
0.000152944
-5.81844e-05
-5.15077e-05
1.7797e-05
1.27205e-06
4.05497e-05
0.00025338
0.000420018
0.000523047
0.000556338
0.000626671
0.000779508
0.000728064
0.000522552
0.000505862
0.000619629
0.000639663
0.000572568
0.000472373
0.00028182
4.74881e-05
-6.50887e-05
-6.34954e-05
8.94094e-06
1.92512e-05
2.37736e-05
0.000190309
0.00039084
0.000514352
0.000526368
0.00056101
0.000692366
0.000660565
0.000441988
0.000362126
0.000471006
0.000543988
0.000497069
0.000362195
0.000157653
-6.10954e-05
-7.24132e-05
-7.39458e-05
-9.71149e-06
3.12344e-05
2.50152e-05
0.000131241
0.000329958
0.00048938
0.000508621
0.000501284
0.000587544
0.000571028
0.000368626
0.000237901
0.000312176
0.0004242
0.000411557
0.00027414
5.16652e-05
-0.000173944
-8.15251e-05
-8.23095e-05
-3.43493e-05
2.86966e-05
3.90557e-05
8.84901e-05
0.00024194
0.000428993
0.000493543
0.000463119
0.000480895
0.000455294
0.000279862
0.000130325
0.000167585
0.000289321
0.00031307
0.000189141
-4.13224e-05
-0.00028279
-9.34215e-05
-8.91813e-05
-5.77477e-05
9.00748e-06
5.01885e-05
6.80218e-05
0.000154361
0.000329442
0.000448589
0.000444572
0.000403335
0.000324286
0.000160429
1.98358e-05
3.69207e-05
0.000160531
0.000213773
0.000105023
-0.000133327
-0.000386075
-0.000108592
-9.64003e-05
-7.66989e-05
-2.61797e-05
4.40699e-05
6.75451e-05
8.5749e-05
0.000200306
0.000356824
0.000417697
0.000360105
0.000216889
1.82428e-05
-0.000120879
-9.66544e-05
3.96618e-05
0.000124171
3.07602e-05
-0.000216324
-0.000488233
-0.000126739
-0.000107045
-9.07078e-05
-6.63116e-05
1.44499e-05
6.71572e-05
4.51014e-05
7.50387e-05
0.000216343
0.000347224
0.000338587
0.000154276
-0.000110452
-0.000287146
-0.000263448
-9.123e-05
3.93311e-05
-2.18011e-05
-0.000272023
-0.000578588
-0.000146708
-0.000123286
-0.000102136
-0.000102759
-3.92395e-05
4.74638e-05
3.03203e-05
-2.24425e-05
4.90112e-05
0.000219389
0.00029394
0.000135062
-0.000188974
-0.000447745
-0.000463404
-0.00026714
-6.37707e-05
-5.99379e-05
-0.000289293
-0.000634039
-0.000167545
-0.000145667
-0.000117065
-0.000132564
-0.000104404
-1.10377e-06
1.70177e-05
-8.39807e-05
-0.000106349
4.02501e-05
0.000191585
0.000119758
-0.000210124
-0.000557362
-0.000667967
-0.00049234
-0.000224273
-0.000117123
-0.000283799
-0.000635294
-0.000189157
-0.000173841
-0.000140398
-0.000156349
-0.000166475
-7.82869e-05
-1.84657e-05
-0.00011402
-0.000224324
-0.000155186
2.87152e-05
6.11819e-05
-0.000198714
-0.000596215
-0.000825549
-0.000740283
-0.000452106
-0.000241658
-0.000297393
-0.000596016
-0.000212143
-0.000205523
-0.000173542
-0.000180454
-0.000219553
-0.00017123
-8.60764e-05
-0.000142214
-0.000299544
-0.000327423
-0.000178851
-6.24489e-05
-0.000208541
-0.000579609
-0.0009036
-0.000950801
-0.000723945
-0.000449452
-0.000375798
-0.000565319
-0.000237663
-0.000238998
-0.000215967
-0.000212571
-0.000263929
-0.000261286
-0.000183027
-0.00019246
-0.000343699
-0.000454706
-0.000384494
-0.000244916
-0.000276713
-0.000558748
-0.00091105
-0.00108105
-0.000975782
-0.000715737
-0.000541488
-0.000601276
-0.000266915
-0.000273911
-0.000264413
-0.000255936
-0.000304406
-0.000340168
-0.000295306
-0.000273258
-0.000386955
-0.000538881
-0.00055578
-0.000451788
-0.000409191
-0.000578047
-0.000889447
-0.00113298
-0.00115442
-0.000979349
-0.000777488
-0.000725466
-0.000300583
-0.000310794
-0.000314865
-0.000309632
-0.000349719
-0.000408035
-0.000403921
-0.000378665
-0.000449506
-0.00059748
-0.000682671
-0.000642691
-0.000584682
-0.000658395
-0.000886068
-0.00113638
-0.00125306
-0.0011865
-0.00102612
-0.000919799
-0.00033867
-0.000350392
-0.00036556
-0.000370616
-0.000404058
-0.000468935
-0.000500502
-0.000494395
-0.000535706
-0.000656885
-0.000772271
-0.000796632
-0.000763854
-0.000786244
-0.000929674
-0.00113845
-0.0012954
-0.00132171
-0.00123718
-0.00113891
-0.00038045
-0.000393166
-0.000416338
-0.000434154
-0.000466341
-0.000529732
-0.000584806
-0.000605095
-0.000637413
-0.000729628
-0.000845137
-0.000913524
-0.000921246
-0.000933259
-0.00101684
-0.00116958
-0.001322
-0.00140242
-0.0013915
-0.00133557
-0.000424827
-0.000438862
-0.000467403
-0.00049697
-0.00053337
-0.000594029
-0.000660294
-0.000704122
-0.000742915
-0.000815585
-0.000917948
-0.00100472
-0.00104803
-0.00107303
-0.00112847
-0.00123444
-0.00136109
-0.00145895
-0.00149834
-0.00148979
-0.000470537
-0.000486347
-0.000518601
-0.000557546
-0.000601029
-0.000660856
-0.000731199
-0.000791266
-0.000841785
-0.00090691
-0.000995538
-0.00108496
-0.00115017
-0.00119364
-0.00124302
-0.00132031
-0.00141988
-0.00151386
-0.00157725
-0.00160517
-0.000516009
-0.000533886
-0.000569022
-0.000614746
-0.000665631
-0.000727043
-0.000799131
-0.000868803
-0.000930299
-0.000995609
-0.00107516
-0.00116079
-0.0012357
-0.00129419
-0.00134778
-0.00141244
-0.00149229
-0.00157558
-0.00164554
-0.00169367
-0.000559221
-0.000579162
-0.000616821
-0.00066718
-0.000724382
-0.000788948
-0.000861979
-0.00093701
-0.00100747
-0.00107653
-0.00115141
-0.0012318
-0.00130918
-0.00137679
-0.00143725
-0.00149914
-0.00156794
-0.00164092
-0.00170971
-0.00176707
-0.000598339
-0.000619433
-0.000658667
-0.000711613
-0.000773142
-0.000840918
-0.00091482
-0.000992042
-0.00106792
-0.00114142
-0.00121562
-0.0012922
-0.00136841
-0.00144002
-0.00150586
-0.00156859
-0.00163169
-0.00169612
-0.00175952
-0.00181829
-0.00063499
-0.000659337
-0.000702023
-0.000758705
-0.000825027
-0.000897487
-0.00097441
-0.00105397
-0.00113336
-0.00121087
-0.00128706
-0.001363
-0.00143828
-0.00151114
-0.00158022
-0.00164571
-0.00170884
-0.00177053
-0.00183055
-0.00188779
0.00440159
0.00460452
0.00423515
0.00373411
0.00331379
0.00295664
0.00258136
0.00218577
0.00176009
0.00130443
0.000863908
0.000495667
0.000172638
-0.000212575
-0.000698883
-0.00122758
-0.00170311
-0.00214187
-0.00250462
-0.00271135
-0.00305959
-0.00383891
-0.00487582
-0.0058767
-0.00667711
-0.00735102
-0.00799516
-0.00842943
-0.00845407
-0.00821865
-0.00804065
-0.00785977
-0.00743614
-0.00700821
-0.00683789
-0.00670618
-0.0065161
-0.00643148
-0.00644125
-0.00648891
-0.00657047
-0.00665247
-0.00677733
-0.00692491
-0.00696354
-0.00695105
-0.00699266
-0.00699035
-0.00694633
-0.00702953
-0.00718202
-0.0072019
-0.00713308
-0.00714539
-0.00722731
-0.00727475
-0.00728332
-0.00730358
-0.0073395
-0.00737249
-0.00740225
-0.0074403
-0.00748764
-0.00754212
-0.00760101
-0.007664
-0.00773019
-0.0077985
-0.00787027
-0.0079438
-0.0080222
-0.00810164
-0.00818635
-0.00827111
-0.00836054
-0.00845002
-0.00854268
-0.00863698
-0.00873219
-0.00883135
-0.00892939
-0.00903279
-0.00913492
-0.00924126
-0.0093489
-0.00945745
-0.00957058
-0.00968261
-0.00979899
-0.0099172
-0.0100346
-0.0101591
-0.0102793
-0.0104043
-0.0105331
-0.0106526
-0.010783
-0.01091
-0.0110048
-0.0111058
0.00374858
0.00420379
0.00413026
0.00371614
0.0032923
0.00292279
0.0025429
0.00214991
0.00173042
0.00127718
0.000835031
0.000466076
0.000144091
-0.00023582
-0.000716504
-0.00124276
-0.00171002
-0.00214502
-0.00251809
-0.00272982
-0.00307488
-0.0038478
-0.00487349
-0.00585838
-0.00664359
-0.00730793
-0.00794965
-0.00838933
-0.00842313
-0.00819398
-0.0080216
-0.00784681
-0.00742583
-0.00699905
-0.00683214
-0.00670154
-0.00651161
-0.00642824
-0.00643839
-0.00648646
-0.00656828
-0.00664946
-0.00677467
-0.00692292
-0.00696145
-0.00694889
-0.0069917
-0.00698987
-0.0069451
-0.0070287
-0.00718202
-0.00720183
-0.00713262
-0.00714527
-0.0072275
-0.00727505
-0.00728342
-0.00730382
-0.00733988
-0.00737289
-0.00740258
-0.00744056
-0.00748784
-0.00754224
-0.00760107
-0.00766402
-0.00773018
-0.00779846
-0.00787023
-0.00794376
-0.00802217
-0.00810161
-0.00818634
-0.0082711
-0.00836053
-0.00845001
-0.00854268
-0.00863699
-0.00873218
-0.00883136
-0.00892938
-0.00903279
-0.00913492
-0.00924126
-0.0093489
-0.00945745
-0.00957058
-0.00968261
-0.00979899
-0.0099172
-0.0100345
-0.0101591
-0.0102793
-0.0104043
-0.0105331
-0.0106526
-0.010783
-0.01091
-0.0110049
-0.0111058
0.00340842
0.00395328
0.00408203
0.0037607
0.00332987
0.00293135
0.00252975
0.00212603
0.00170499
0.00124976
0.000800554
0.000427295
0.000102647
-0.000274975
-0.000744717
-0.00126264
-0.00171922
-0.00213835
-0.0025172
-0.00275605
-0.00311906
-0.00387503
-0.00486246
-0.00580946
-0.00656739
-0.00720984
-0.00783379
-0.00827059
-0.00832878
-0.00813409
-0.00797931
-0.00781217
-0.00740369
-0.00698757
-0.00682438
-0.00669726
-0.00651218
-0.00643213
-0.00644293
-0.00648936
-0.00656992
-0.00664992
-0.00677218
-0.00691811
-0.00695649
-0.00694458
-0.00698822
-0.0069881
-0.00694464
-0.00702728
-0.00717888
-0.00719876
-0.00713111
-0.00714454
-0.00722644
-0.0072737
-0.00728241
-0.00730315
-0.00733939
-0.00737248
-0.00740234
-0.0074405
-0.00748787
-0.00754232
-0.00760118
-0.00766415
-0.00773033
-0.00779861
-0.00787036
-0.00794386
-0.00802225
-0.00810166
-0.00818637
-0.00827111
-0.00836055
-0.00845002
-0.00854269
-0.00863699
-0.00873218
-0.00883136
-0.00892938
-0.0090328
-0.00913491
-0.00924126
-0.0093489
-0.00945744
-0.00957058
-0.00968261
-0.00979899
-0.00991721
-0.0100345
-0.0101591
-0.0102794
-0.0104043
-0.0105331
-0.0106526
-0.010783
-0.0109101
-0.0110052
-0.0111061
0.00311936
0.00367026
0.00392707
0.00372207
0.00331774
0.0029049
0.00249064
0.00208134
0.00165707
0.00119937
0.000745668
0.000371597
4.75999e-05
-0.000323026
-0.00077389
-0.0012809
-0.00172634
-0.00212639
-0.00252066
-0.00280361
-0.00317835
-0.00389888
-0.00483612
-0.00574664
-0.00647757
-0.00709571
-0.00769934
-0.00813008
-0.00821568
-0.00806107
-0.00792335
-0.00776359
-0.00737335
-0.00697308
-0.00681408
-0.0066883
-0.00650791
-0.00643284
-0.00644411
-0.00648867
-0.00656903
-0.00664767
-0.00676467
-0.00690671
-0.00694583
-0.00693497
-0.00697911
-0.00698263
-0.00694283
-0.00702354
-0.00717121
-0.00719184
-0.00712792
-0.00714279
-0.00722375
-0.00727061
-0.00728007
-0.00730162
-0.0073383
-0.00737204
-0.00740232
-0.00744081
-0.00748827
-0.00754269
-0.00760148
-0.00766437
-0.0077305
-0.00779874
-0.00787047
-0.00794396
-0.00802235
-0.00810174
-0.00818643
-0.00827115
-0.00836057
-0.00845003
-0.00854269
-0.008637
-0.00873217
-0.00883136
-0.00892938
-0.0090328
-0.00913491
-0.00924126
-0.0093489
-0.00945745
-0.00957059
-0.00968261
-0.009799
-0.00991721
-0.0100346
-0.0101591
-0.0102794
-0.0104044
-0.0105331
-0.0106527
-0.0107831
-0.0109101
-0.0110056
-0.0111066
0.00285446
0.00338799
0.00372836
0.00365114
0.00330368
0.00288011
0.00245551
0.00204952
0.00162321
0.00115413
0.000690834
0.000317311
-3.49942e-06
-0.000365532
-0.000798892
-0.00129767
-0.00173525
-0.00212242
-0.00253555
-0.00285658
-0.00322932
-0.00390692
-0.00479945
-0.00567674
-0.00637827
-0.00696955
-0.0075522
-0.0079778
-0.00808999
-0.00797606
-0.00785894
-0.00771025
-0.00734062
-0.00695636
-0.00679941
-0.00667464
-0.00650092
-0.006432
-0.00644454
-0.00648766
-0.00656768
-0.00664476
-0.00675579
-0.00689321
-0.00693352
-0.00692392
-0.00696813
-0.00697596
-0.00694087
-0.00701895
-0.00716147
-0.00718314
-0.00712393
-0.00714035
-0.0072199
-0.00726627
-0.00727677
-0.00729928
-0.00733646
-0.00737072
-0.00740175
-0.00744062
-0.00748833
-0.0075428
-0.00760158
-0.00766446
-0.00773059
-0.00779889
-0.00787068
-0.0079442
-0.00802258
-0.00810195
-0.0081866
-0.00827128
-0.00836066
-0.00845009
-0.00854273
-0.00863702
-0.00873222
-0.00883137
-0.00892939
-0.0090328
-0.00913491
-0.00924127
-0.00934891
-0.00945745
-0.00957059
-0.00968262
-0.009799
-0.00991722
-0.0100346
-0.0101591
-0.0102794
-0.0104044
-0.0105332
-0.0106527
-0.0107831
-0.0109102
-0.0110061
-0.0111072
0.00260053
0.0031236
0.00351539
0.00354903
0.00327902
0.00285664
0.00241531
0.00201702
0.00159674
0.00111214
0.000630632
0.000255558
-5.8507e-05
-0.000412171
-0.000830529
-0.00131826
-0.00175108
-0.00212841
-0.00254816
-0.0028933
-0.00326425
-0.00390853
-0.00476203
-0.00560436
-0.00627535
-0.00684013
-0.00740323
-0.00782502
-0.00796166
-0.00788599
-0.00779015
-0.00765444
-0.00730635
-0.00693725
-0.00678218
-0.00665999
-0.00649359
-0.0064308
-0.0064449
-0.00648637
-0.0065658
-0.00664156
-0.00674634
-0.00687863
-0.00692012
-0.00691186
-0.00695614
-0.00696867
-0.0069385
-0.0070135
-0.0071505
-0.00717348
-0.00711939
-0.00713735
-0.00721535
-0.00726131
-0.00727301
-0.00729656
-0.00733428
-0.00736918
-0.00740106
-0.00744049
-0.00748846
-0.00754298
-0.00760175
-0.00766461
-0.00773074
-0.00779907
-0.00787089
-0.00794443
-0.0080228
-0.00810215
-0.00818675
-0.00827139
-0.00836073
-0.00845013
-0.00854274
-0.00863704
-0.00873221
-0.00883138
-0.00892939
-0.0090328
-0.00913491
-0.00924127
-0.00934891
-0.00945745
-0.00957059
-0.00968262
-0.00979901
-0.00991723
-0.0100346
-0.0101592
-0.0102794
-0.0104044
-0.0105332
-0.0106528
-0.0107832
-0.0109102
-0.0110067
-0.0111079
0.00234532
0.00287026
0.00330238
0.00341734
0.00323023
0.00282978
0.00236763
0.00197113
0.00156988
0.001079
0.000569089
0.000184364
-0.000119478
-0.000463411
-0.000863805
-0.00133636
-0.00176913
-0.0021368
-0.00255148
-0.00291916
-0.00330188
-0.00391857
-0.00472604
-0.00552867
-0.00617124
-0.00671212
-0.00725488
-0.00767035
-0.00782797
-0.007787
-0.00771218
-0.00759251
-0.00726941
-0.00691726
-0.00676455
-0.00664431
-0.00648448
-0.00642808
-0.00644431
-0.00648425
-0.00656318
-0.00663778
-0.00673611
-0.00686291
-0.00690556
-0.00689897
-0.00694353
-0.00696061
-0.00693526
-0.0070072
-0.00713871
-0.00716314
-0.00711433
-0.00713389
-0.00721035
-0.00725595
-0.00726893
-0.00729359
-0.0073319
-0.0073675
-0.00740018
-0.0074402
-0.00748842
-0.00754308
-0.00760185
-0.00766469
-0.00773083
-0.00779919
-0.00787106
-0.00794465
-0.00802304
-0.00810237
-0.00818694
-0.00827154
-0.00836084
-0.00845021
-0.00854279
-0.00863707
-0.00873224
-0.00883138
-0.00892939
-0.00903281
-0.00913491
-0.00924127
-0.00934891
-0.00945745
-0.00957059
-0.00968262
-0.00979901
-0.00991723
-0.0100346
-0.0101592
-0.0102795
-0.0104045
-0.0105333
-0.0106529
-0.0107834
-0.0109103
-0.0110072
-0.0111086
0.00209583
0.00262337
0.00309366
0.00326519
0.00315018
0.00279164
0.00231752
0.00190971
0.00153509
0.00105734
0.000515692
0.000106809
-0.000187491
-0.00051676
-0.000897679
-0.00135568
-0.00179221
-0.00214985
-0.00255354
-0.002948
-0.00334707
-0.00392537
-0.00467766
-0.00544575
-0.00606678
-0.00658396
-0.00710332
-0.00751105
-0.00768822
-0.00768024
-0.00762707
-0.00752648
-0.00723163
-0.00689758
-0.00674504
-0.006625
-0.00647245
-0.00642378
-0.00644292
-0.00648143
-0.00655954
-0.00663303
-0.006725
-0.00684598
-0.00688996
-0.0068855
-0.00693015
-0.00695149
-0.00693121
-0.00700035
-0.00712631
-0.00715217
-0.00710883
-0.00713009
-0.00720498
-0.00725024
-0.00726457
-0.0072904
-0.00732934
-0.00736566
-0.0073992
-0.00743987
-0.0074884
-0.00754315
-0.00760192
-0.00766475
-0.0077309
-0.00779932
-0.00787126
-0.00794491
-0.00802331
-0.00810262
-0.00818715
-0.00827169
-0.00836093
-0.00845027
-0.00854282
-0.00863709
-0.00873223
-0.00883139
-0.00892939
-0.00903281
-0.00913491
-0.00924127
-0.00934891
-0.00945745
-0.0095706
-0.00968262
-0.00979902
-0.00991724
-0.0100346
-0.0101592
-0.0102795
-0.0104045
-0.0105333
-0.0106529
-0.0107835
-0.0109103
-0.0110077
-0.0111093
0.00186212
0.00237811
0.00288127
0.00310225
0.00304553
0.0027373
0.00226415
0.00183538
0.00148181
0.00103944
0.000479938
2.74366e-05
-0.000269227
-0.000576688
-0.000936726
-0.00137889
-0.00181636
-0.00216541
-0.00255818
-0.00297646
-0.00338391
-0.00391576
-0.00461828
-0.00536515
-0.00596816
-0.00645623
-0.00694947
-0.00735055
-0.00754612
-0.00756806
-0.00753482
-0.00745304
-0.00718884
-0.00687519
-0.00672281
-0.0066034
-0.00645917
-0.00641838
-0.00644027
-0.00647714
-0.0065544
-0.00662729
-0.00671311
-0.0068281
-0.00687363
-0.00687146
-0.00691586
-0.00694142
-0.00692662
-0.00699309
-0.00711329
-0.00714062
-0.00710295
-0.00712595
-0.0071992
-0.00724414
-0.00725995
-0.00728701
-0.00732656
-0.00736361
-0.00739805
-0.00743941
-0.00748828
-0.00754309
-0.00760193
-0.00766479
-0.00773099
-0.00779947
-0.00787146
-0.00794514
-0.00802354
-0.00810283
-0.00818732
-0.00827183
-0.00836103
-0.00845033
-0.00854286
-0.00863711
-0.00873226
-0.0088314
-0.00892939
-0.00903281
-0.00913491
-0.00924127
-0.00934891
-0.00945745
-0.0095706
-0.00968263
-0.00979903
-0.00991725
-0.0100346
-0.0101592
-0.0102796
-0.0104045
-0.0105334
-0.010653
-0.0107837
-0.0109104
-0.0110082
-0.0111101
0.00164783
0.00213969
0.00266368
0.00293209
0.00292542
0.00266152
0.00219874
0.00175288
0.00140903
0.00101354
0.000461072
-4.61225e-05
-0.000366423
-0.000645515
-0.000976565
-0.00139903
-0.001835
-0.00218565
-0.00256908
-0.002996
-0.00340756
-0.00390328
-0.00456404
-0.00528951
-0.00587151
-0.00632666
-0.00679243
-0.00718793
-0.00740032
-0.00744812
-0.00743275
-0.00737043
-0.00714093
-0.00685233
-0.00670135
-0.00658093
-0.00644327
-0.00640966
-0.00643506
-0.0064714
-0.00654849
-0.00662113
-0.00670077
-0.00680945
-0.00685632
-0.00685642
-0.00690065
-0.00693064
-0.00692154
-0.0069853
-0.00709961
-0.00712844
-0.00709657
-0.00712131
-0.00719291
-0.0072376
-0.00725494
-0.00728325
-0.00732345
-0.00736131
-0.00739673
-0.00743882
-0.00748807
-0.00754303
-0.00760196
-0.00766483
-0.00773104
-0.00779957
-0.00787163
-0.00794537
-0.0080238
-0.00810309
-0.00818755
-0.00827201
-0.00836115
-0.00845042
-0.0085429
-0.00863714
-0.00873227
-0.0088314
-0.0089294
-0.00903281
-0.00913491
-0.00924127
-0.00934891
-0.00945745
-0.00957061
-0.00968263
-0.00979904
-0.00991726
-0.0100347
-0.0101592
-0.0102796
-0.0104046
-0.0105335
-0.0106531
-0.0107838
-0.0109105
-0.0110086
-0.0111108
0.00145007
0.0019166
0.0024438
0.00274898
0.00279043
0.00256642
0.00211912
0.00166444
0.00132116
0.000966525
0.000448093
-0.000100203
-0.000466329
-0.000724599
-0.00101687
-0.00141507
-0.00185416
-0.00221816
-0.00258596
-0.00300244
-0.00342453
-0.00390118
-0.00451229
-0.00520289
-0.00576813
-0.00619738
-0.00663476
-0.0070234
-0.00725171
-0.00732299
-0.0073238
-0.00728107
-0.00708821
-0.00682759
-0.00667847
-0.00655547
-0.00642386
-0.0063983
-0.00642874
-0.00646529
-0.00654174
-0.00661384
-0.00668743
-0.00678954
-0.00683766
-0.00684055
-0.00688487
-0.00691915
-0.00691569
-0.00697674
-0.00708507
-0.00711544
-0.00708954
-0.00711614
-0.00718605
-0.0072305
-0.0072495
-0.0072792
-0.00732015
-0.00735886
-0.00739527
-0.00743813
-0.00748777
-0.0075429
-0.00760182
-0.00766478
-0.00773105
-0.00779967
-0.00787181
-0.0079456
-0.00802404
-0.00810331
-0.00818771
-0.00827213
-0.00836123
-0.00845047
-0.00854292
-0.00863716
-0.00873228
-0.00883141
-0.0089294
-0.00903281
-0.00913491
-0.00924126
-0.00934892
-0.00945744
-0.00957062
-0.00968263
-0.00979906
-0.00991727
-0.0100347
-0.0101592
-0.0102797
-0.0104046
-0.0105337
-0.0106532
-0.010784
-0.0109106
-0.011009
-0.0111116
0.00125779
0.00170858
0.00222943
0.00255578
0.00263782
0.00245517
0.0020237
0.00156372
0.00122173
0.00089877
0.000430806
-0.000130331
-0.000555946
-0.000820073
-0.00106744
-0.00142939
-0.00187579
-0.00225827
-0.00260287
-0.00300111
-0.00344004
-0.0039016
-0.00445048
-0.00510194
-0.0056651
-0.00607725
-0.00648062
-0.00685707
-0.00710032
-0.00719367
-0.00720806
-0.00718269
-0.00702688
-0.00679798
-0.00665433
-0.00653024
-0.00640398
-0.00638487
-0.00641971
-0.00645677
-0.00653286
-0.00660531
-0.00667348
-0.00676867
-0.00681792
-0.00682396
-0.0068683
-0.00690652
-0.00690874
-0.00696722
-0.00706962
-0.00710168
-0.00708194
-0.0071104
-0.00717864
-0.00722301
-0.00724383
-0.00727494
-0.0073166
-0.00735613
-0.00739357
-0.00743722
-0.00748729
-0.00754264
-0.00760168
-0.00766473
-0.00773106
-0.00779975
-0.00787196
-0.00794581
-0.00802428
-0.00810356
-0.00818795
-0.00827232
-0.00836138
-0.00845056
-0.00854298
-0.0086372
-0.00873229
-0.00883141
-0.0089294
-0.0090328
-0.00913491
-0.00924126
-0.00934892
-0.00945744
-0.00957063
-0.00968263
-0.00979907
-0.00991728
-0.0100347
-0.0101593
-0.0102798
-0.0104047
-0.0105338
-0.0106533
-0.0107842
-0.0109107
-0.0110094
-0.0111124
0.00106119
0.00150982
0.00202904
0.00236098
0.00246138
0.00232015
0.00191496
0.0014524
0.00111567
0.000818262
0.000396483
-0.000149742
-0.000628686
-0.000928018
-0.00113512
-0.0014426
-0.00188937
-0.0022957
-0.00262601
-0.00300387
-0.00344729
-0.00388991
-0.00438446
-0.00500391
-0.00556792
-0.00596133
-0.00632565
-0.00668626
-0.0069442
-0.00706074
-0.00708697
-0.00707549
-0.00695772
-0.00676513
-0.00662992
-0.00650502
-0.00638205
-0.00636693
-0.00640628
-0.00644622
-0.00652335
-0.0065962
-0.00665863
-0.00674636
-0.00679666
-0.00680631
-0.00685077
-0.00689267
-0.00690064
-0.00695691
-0.00705355
-0.0070873
-0.00707375
-0.00710417
-0.00717078
-0.00721508
-0.00723768
-0.0072702
-0.0073126
-0.00735307
-0.00739162
-0.00743614
-0.00748671
-0.00754233
-0.00760149
-0.00766458
-0.007731
-0.00779978
-0.00787209
-0.00794603
-0.00802452
-0.00810378
-0.0081881
-0.00827243
-0.00836144
-0.0084506
-0.00854296
-0.00863721
-0.00873229
-0.00883141
-0.00892939
-0.0090328
-0.00913491
-0.00924125
-0.00934892
-0.00945743
-0.00957063
-0.00968263
-0.00979909
-0.00991729
-0.0100348
-0.0101593
-0.0102799
-0.0104047
-0.0105339
-0.0106534
-0.0107844
-0.0109109
-0.0110098
-0.0111132
0.000859978
0.00131225
0.0018399
0.00216997
0.00226601
0.00215778
0.00179586
0.0013351
0.000998637
0.000725168
0.000341846
-0.000173873
-0.000682547
-0.00103125
-0.00122024
-0.00146167
-0.0018871
-0.00232686
-0.00266666
-0.00301334
-0.00343594
-0.00386817
-0.00432876
-0.00491257
-0.00546561
-0.00583899
-0.00616875
-0.00651638
-0.00678831
-0.00692682
-0.00696263
-0.00696082
-0.00688031
-0.00672601
-0.00660099
-0.0064777
-0.00635989
-0.00634743
-0.00638984
-0.00643311
-0.00651177
-0.00658512
-0.00664232
-0.00672289
-0.00677428
-0.00678772
-0.00683221
-0.00687763
-0.00689164
-0.00694601
-0.00703679
-0.00707213
-0.00706489
-0.00709729
-0.00716218
-0.0072064
-0.00723095
-0.00726507
-0.00730833
-0.00734977
-0.00738948
-0.0074349
-0.00748595
-0.00754182
-0.00760117
-0.00766439
-0.0077309
-0.00779979
-0.00787219
-0.00794619
-0.00802472
-0.008104
-0.00818832
-0.00827262
-0.00836159
-0.00845071
-0.00854325
-0.00863727
-0.00873231
-0.00883141
-0.00892939
-0.00903279
-0.00913491
-0.00924124
-0.00934893
-0.00945743
-0.00957065
-0.00968263
-0.00979912
-0.0099173
-0.0100348
-0.0101593
-0.01028
-0.0104048
-0.0105341
-0.0106536
-0.0107845
-0.010911
-0.0110102
-0.0111141
0.000663007
0.00111063
0.00165197
0.00198705
0.00206805
0.00197059
0.00165606
0.00121112
0.000867782
0.000618332
0.000274506
-0.00020969
-0.000721927
-0.00111592
-0.00131835
-0.00149814
-0.0018747
-0.0023483
-0.00272055
-0.0030278
-0.00341198
-0.0038461
-0.00428018
-0.00481369
-0.00535277
-0.00571826
-0.00601854
-0.00635094
-0.00663309
-0.00678957
-0.00683323
-0.00683873
-0.00679301
-0.0066789
-0.00656818
-0.00645038
-0.00633951
-0.00632653
-0.00636791
-0.00641435
-0.00649746
-0.00657348
-0.00662584
-0.0066985
-0.00675028
-0.00676767
-0.00681268
-0.00686175
-0.00688171
-0.00693412
-0.00701905
-0.00705603
-0.00705513
-0.00708951
-0.00715279
-0.00719719
-0.00722391
-0.00725966
-0.00730374
-0.00734614
-0.007387
-0.00743332
-0.00748495
-0.00754119
-0.00760076
-0.00766411
-0.00773073
-0.00779973
-0.00787226
-0.00794635
-0.00802494
-0.00810421
-0.00818848
-0.00827273
-0.00836164
-0.00845074
-0.00854317
-0.00863717
-0.0087323
-0.0088314
-0.00892939
-0.00903277
-0.00913491
-0.00924123
-0.00934893
-0.00945742
-0.00957066
-0.00968263
-0.00979914
-0.00991731
-0.0100349
-0.0101594
-0.0102801
-0.0104049
-0.0105342
-0.0106537
-0.0107847
-0.0109112
-0.0110105
-0.0111148
0.000478103
0.000905255
0.00145635
0.00181077
0.0018783
0.00176545
0.00148678
0.00107691
0.000728635
0.000497167
0.000197828
-0.000255145
-0.000757298
-0.0011837
-0.00141968
-0.00155773
-0.00186677
-0.00235055
-0.00276928
-0.00305427
-0.00339002
-0.0038177
-0.00422587
-0.00470724
-0.0052402
-0.00560962
-0.00587454
-0.00618052
-0.00647361
-0.00665094
-0.00670154
-0.0067119
-0.00669797
-0.00662482
-0.00653081
-0.0064198
-0.00631744
-0.00630441
-0.0063429
-0.00639144
-0.00648017
-0.00656066
-0.0066087
-0.00667263
-0.00672445
-0.00674663
-0.00679253
-0.0068446
-0.00687014
-0.00692097
-0.00700035
-0.00703894
-0.00704445
-0.00708109
-0.00714295
-0.00718755
-0.00721637
-0.0072537
-0.00729861
-0.00734204
-0.00738418
-0.00743154
-0.00748379
-0.00754039
-0.00760019
-0.00766372
-0.00773049
-0.00779964
-0.00787227
-0.00794645
-0.00802507
-0.00810437
-0.00818865
-0.00827289
-0.00836178
-0.00845082
-0.00854323
-0.00863726
-0.00873232
-0.0088314
-0.00892938
-0.00903276
-0.00913491
-0.00924121
-0.00934894
-0.00945741
-0.00957067
-0.00968264
-0.00979916
-0.00991733
-0.010035
-0.0101594
-0.0102802
-0.010405
-0.0105344
-0.0106539
-0.0107849
-0.0109114
-0.0110109
-0.0111156
0.000306371
0.000699752
0.00125039
0.00163398
0.0016991
0.00155613
0.00129104
0.000923756
0.000585682
0.000363984
0.000108415
-0.000307118
-0.000798985
-0.00124198
-0.00150904
-0.00163521
-0.00187667
-0.00233321
-0.00279913
-0.00309678
-0.00337791
-0.00377354
-0.00416813
-0.00461023
-0.00512725
-0.00550204
-0.00573419
-0.00600426
-0.0063116
-0.00651804
-0.0065716
-0.00657981
-0.00659431
-0.00656114
-0.00648566
-0.00638456
-0.00629474
-0.00628444
-0.0063173
-0.00636286
-0.00645608
-0.00654517
-0.00659215
-0.00664663
-0.00669703
-0.00672398
-0.00677087
-0.00682564
-0.00685703
-0.00690688
-0.00698089
-0.00702107
-0.00703312
-0.00707207
-0.00713238
-0.00717705
-0.00720804
-0.00724715
-0.00729308
-0.00733766
-0.00738108
-0.00742944
-0.00748231
-0.00753936
-0.00759948
-0.00766323
-0.00773015
-0.00779944
-0.00787221
-0.00794652
-0.00802523
-0.00810454
-0.0081888
-0.008273
-0.00836183
-0.00845083
-0.00854323
-0.00863722
-0.0087323
-0.00883137
-0.00892937
-0.00903274
-0.0091349
-0.00924119
-0.00934894
-0.0094574
-0.00957068
-0.00968264
-0.00979919
-0.00991736
-0.010035
-0.0101595
-0.0102803
-0.0104052
-0.0105345
-0.0106541
-0.0107851
-0.0109117
-0.0110112
-0.0111164
0.000149198
0.000497975
0.00103545
0.00144477
0.00152438
0.00135358
0.00107944
0.000748531
0.000438118
0.000224486
2.01965e-06
-0.00037092
-0.000847981
-0.00129196
-0.00158097
-0.00172095
-0.00190853
-0.00231019
-0.00280765
-0.00314306
-0.00337648
-0.00372034
-0.00411351
-0.00452689
-0.00500286
-0.00538257
-0.00560604
-0.00583692
-0.00614577
-0.00638546
-0.00644383
-0.0064427
-0.00648101
-0.00648893
-0.00643522
-0.0063459
-0.00626978
-0.00626348
-0.00629042
-0.00633032
-0.00642593
-0.00652595
-0.0065759
-0.006621
-0.00666739
-0.00669861
-0.00674774
-0.00680563
-0.00684272
-0.00689188
-0.0069608
-0.00700241
-0.00702072
-0.00706186
-0.00712073
-0.00716578
-0.00719925
-0.00724027
-0.00728716
-0.00733278
-0.0073775
-0.00742696
-0.00748058
-0.00753812
-0.00759857
-0.00766256
-0.0077297
-0.00779918
-0.00787212
-0.00794653
-0.00802529
-0.00810463
-0.0081889
-0.00827309
-0.00836197
-0.00845103
-0.00854326
-0.00863725
-0.0087323
-0.00883136
-0.00892936
-0.00903271
-0.0091349
-0.00924117
-0.00934894
-0.00945739
-0.00957068
-0.00968265
-0.00979922
-0.00991739
-0.0100351
-0.0101595
-0.0102804
-0.0104053
-0.0105347
-0.0106543
-0.0107853
-0.0109119
-0.0110116
-0.0111171
9.60137e-06
0.000304964
0.000814295
0.00123545
0.00134409
0.0011607
0.000866074
0.000557236
0.000279465
8.04269e-05
-0.000119631
-0.000452183
-0.000900985
-0.00133725
-0.00164262
-0.00180009
-0.00195585
-0.00230326
-0.00280008
-0.00317238
-0.0033851
-0.00367199
-0.00405544
-0.00444896
-0.00487524
-0.00525612
-0.00549145
-0.00568513
-0.00597169
-0.00624216
-0.00632112
-0.00630932
-0.0063601
-0.00640898
-0.00637961
-0.00630008
-0.00623844
-0.00624097
-0.00626561
-0.00629737
-0.00638924
-0.00649886
-0.00655788
-0.00659709
-0.00663689
-0.00667072
-0.00672316
-0.00678453
-0.00682702
-0.0068758
-0.00693978
-0.00698237
-0.0070068
-0.00705065
-0.00710859
-0.00715411
-0.00718989
-0.00723268
-0.00728057
-0.00732739
-0.00737354
-0.00742414
-0.00747851
-0.00753657
-0.00759745
-0.00766176
-0.00772913
-0.0077988
-0.00787189
-0.00794645
-0.00802532
-0.00810473
-0.008189
-0.00827318
-0.008362
-0.00845096
-0.00854323
-0.00863721
-0.00873227
-0.00883131
-0.00892934
-0.00903268
-0.00913488
-0.00924115
-0.00934893
-0.00945738
-0.00957069
-0.00968267
-0.00979924
-0.00991743
-0.0100351
-0.0101596
-0.0102805
-0.0104055
-0.0105348
-0.0106546
-0.0107855
-0.0109121
-0.011012
-0.0111178
-0.00011533
0.000128553
0.000594181
0.00101008
0.00114826
0.000972036
0.000657663
0.00035567
0.00010847
-6.77272e-05
-0.000247887
-0.000548672
-0.000963541
-0.00138563
-0.00169803
-0.00186394
-0.00201155
-0.00231952
-0.00278239
-0.00318
-0.0034021
-0.00363197
-0.00398581
-0.00437569
-0.00476551
-0.00512537
-0.00536863
-0.00554388
-0.00580162
-0.00608907
-0.00620276
-0.0061857
-0.00623163
-0.00631692
-0.0063183
-0.00624806
-0.0062013
-0.00621702
-0.00624087
-0.00626355
-0.00634804
-0.00646398
-0.00653585
-0.00657499
-0.00660766
-0.00664054
-0.00669573
-0.00676175
-0.00680992
-0.00685828
-0.00691743
-0.00696116
-0.00699204
-0.00703888
-0.00709576
-0.00714145
-0.00717955
-0.0072244
-0.00727349
-0.00732153
-0.00736908
-0.00742086
-0.00747608
-0.00753476
-0.00759609
-0.00766072
-0.00772836
-0.00779829
-0.0078716
-0.00794632
-0.00802528
-0.00810473
-0.00818903
-0.00827321
-0.00836203
-0.008451
-0.00854325
-0.00863721
-0.00873226
-0.00883128
-0.00892932
-0.00903264
-0.00913487
-0.00924112
-0.00934892
-0.00945738
-0.00957069
-0.00968269
-0.00979926
-0.00991747
-0.0100352
-0.0101597
-0.0102807
-0.0104057
-0.010535
-0.0106548
-0.0107858
-0.0109124
-0.0110124
-0.0111184
-0.000233891
-2.92808e-05
0.000383616
0.000779652
0.00093424
0.000779171
0.000452961
0.000148135
-6.83813e-05
-0.00021926
-0.00037748
-0.00065212
-0.00104235
-0.00144472
-0.00175092
-0.00191835
-0.00206412
-0.00234403
-0.00277008
-0.00318019
-0.00341576
-0.00359517
-0.00391017
-0.00430719
-0.00467559
-0.00499232
-0.00522999
-0.00541273
-0.0056502
-0.00593229
-0.00607727
-0.0060667
-0.00610181
-0.00621626
-0.00625305
-0.00619074
-0.00615527
-0.00618801
-0.00621523
-0.00623093
-0.00630613
-0.00642202
-0.00650588
-0.00655254
-0.00658148
-0.00660935
-0.0066645
-0.00673609
-0.00679123
-0.00683984
-0.00689461
-0.00693932
-0.00697609
-0.00702569
-0.00708172
-0.00712793
-0.00716858
-0.00721555
-0.00726583
-0.0073151
-0.00736411
-0.00741715
-0.00747324
-0.00753257
-0.00759443
-0.00765949
-0.00772746
-0.00779764
-0.00787116
-0.00794604
-0.00802514
-0.00810469
-0.00818904
-0.00827321
-0.00836201
-0.00845094
-0.00854319
-0.00863714
-0.00873221
-0.00883122
-0.00892928
-0.00903259
-0.00913484
-0.0092411
-0.0093489
-0.00945738
-0.00957068
-0.00968271
-0.00979928
-0.00991753
-0.0100353
-0.0101598
-0.0102808
-0.0104059
-0.0105352
-0.0106551
-0.010786
-0.0109127
-0.0110127
-0.0111191
-0.000352272
-0.000176533
0.00018821
0.000554691
0.000711587
0.00057754
0.00024913
-6.31114e-05
-0.000252482
-0.000373386
-0.00050474
-0.000754357
-0.00113419
-0.00152051
-0.0018087
-0.00196935
-0.00210372
-0.00236473
-0.00277379
-0.00318031
-0.00341836
-0.00356648
-0.00383658
-0.0042291
-0.00459486
-0.00487414
-0.00509032
-0.00528033
-0.00550849
-0.00577917
-0.00594365
-0.00594865
-0.00597914
-0.00611144
-0.00617881
-0.00612623
-0.00610094
-0.00615419
-0.00618915
-0.00619785
-0.00626347
-0.00637598
-0.00646765
-0.00652589
-0.00655784
-0.00657974
-0.0066298
-0.00670609
-0.00677109
-0.00682176
-0.00687139
-0.00691563
-0.00695804
-0.00701127
-0.00706716
-0.00711386
-0.00715682
-0.00720589
-0.00725748
-0.00730806
-0.00735855
-0.00741287
-0.00746995
-0.00753004
-0.00759248
-0.00765798
-0.00772631
-0.00779679
-0.00787058
-0.00794568
-0.00802492
-0.00810455
-0.00818895
-0.00827314
-0.00836196
-0.00845089
-0.00854315
-0.00863708
-0.00873216
-0.00883116
-0.00892923
-0.00903254
-0.0091348
-0.00924107
-0.00934887
-0.00945738
-0.00957066
-0.00968274
-0.0097993
-0.00991759
-0.0100354
-0.0101599
-0.0102809
-0.0104061
-0.0105354
-0.0106553
-0.0107863
-0.010913
-0.0110131
-0.0111197
-0.000474995
-0.000325069
4.92987e-06
0.000342239
0.000493717
0.000371236
4.67991e-05
-0.000276213
-0.000450927
-0.000530502
-0.000628956
-0.000853964
-0.00122496
-0.00160817
-0.00187996
-0.0020244
-0.002138
-0.00237889
-0.00277909
-0.00317957
-0.00342163
-0.00355199
-0.00376234
-0.00413212
-0.00452017
-0.00478395
-0.00495992
-0.00513588
-0.00536346
-0.00563792
-0.00581718
-0.00582848
-0.00585584
-0.00600299
-0.0060978
-0.00605833
-0.00604092
-0.00611208
-0.00615912
-0.00616386
-0.00622111
-0.00632923
-0.00642294
-0.00649096
-0.00653354
-0.00655411
-0.00659448
-0.00667129
-0.00674788
-0.00680325
-0.00684753
-0.00689022
-0.00693846
-0.00699607
-0.00705194
-0.00709881
-0.007144
-0.00719537
-0.00724843
-0.00730037
-0.0073524
-0.00740809
-0.00746619
-0.00752706
-0.00759014
-0.00765617
-0.00772493
-0.00779577
-0.00786984
-0.00794515
-0.00802456
-0.00810432
-0.0081888
-0.00827303
-0.00836187
-0.00845078
-0.00854306
-0.00863699
-0.00873208
-0.00883107
-0.00892917
-0.00903248
-0.00913475
-0.00924104
-0.00934884
-0.00945738
-0.00957064
-0.00968278
-0.00979932
-0.00991766
-0.0100354
-0.0101601
-0.0102811
-0.0104063
-0.0105356
-0.0106556
-0.0107866
-0.0109133
-0.0110135
-0.0111202
-0.000607549
-0.000485411
-0.000177176
0.000143164
0.000290724
0.000171647
-0.000147079
-0.000485509
-0.000665483
-0.000702238
-0.000756764
-0.000947428
-0.00129988
-0.00169547
-0.00196998
-0.00209585
-0.00218007
-0.00238397
-0.00276647
-0.00317708
-0.00343567
-0.00354792
-0.00369429
-0.00402616
-0.00443818
-0.00471007
-0.0048475
-0.00499226
-0.00521461
-0.00550099
-0.00570057
-0.00571127
-0.00572677
-0.00589059
-0.00601727
-0.00598927
-0.00597285
-0.00605894
-0.00612485
-0.00613049
-0.0061776
-0.00628148
-0.00637534
-0.00644784
-0.00650398
-0.00653212
-0.00656261
-0.00663193
-0.0067182
-0.00678354
-0.0068252
-0.00686436
-0.0069167
-0.00697916
-0.0070358
-0.00708293
-0.00713023
-0.00718402
-0.00723871
-0.00729206
-0.0073456
-0.00740266
-0.00746186
-0.00752362
-0.00758743
-0.00765405
-0.00772327
-0.00779449
-0.00786889
-0.00794447
-0.00802409
-0.00810398
-0.00818855
-0.00827283
-0.00836171
-0.00845063
-0.00854294
-0.00863687
-0.00873198
-0.00883098
-0.00892909
-0.00903241
-0.00913468
-0.009241
-0.00934879
-0.00945738
-0.00957062
-0.00968281
-0.00979935
-0.00991773
-0.0100355
-0.0101602
-0.0102813
-0.0104065
-0.0105359
-0.0106558
-0.0107869
-0.0109136
-0.0110139
-0.0111208
-0.000747687
-0.000667209
-0.000375331
-5.32882e-05
0.000102752
-7.67034e-06
-0.00032265
-0.000680949
-0.000887456
-0.000900683
-0.000896915
-0.00103589
-0.00135991
-0.00176812
-0.0020673
-0.00218957
-0.00223821
-0.00238793
-0.00273699
-0.00316466
-0.0034511
-0.0035552
-0.00365049
-0.0039213
-0.00432914
-0.00463822
-0.00476633
-0.00486766
-0.00506286
-0.00535004
-0.005586
-0.00561505
-0.00559958
-0.00576349
-0.00593568
-0.00592452
-0.00589817
-0.00599439
-0.00608459
-0.00609663
-0.006133
-0.00623208
-0.00632752
-0.00640003
-0.00646589
-0.0065094
-0.00653598
-0.00659103
-0.00668141
-0.00676137
-0.00680491
-0.00683825
-0.00689192
-0.00696011
-0.00701917
-0.00706661
-0.00711552
-0.00717168
-0.00722818
-0.00728299
-0.00733805
-0.00739657
-0.00745697
-0.00751968
-0.00758427
-0.00765153
-0.00772129
-0.00779296
-0.00786773
-0.00794359
-0.00802344
-0.00810349
-0.00818819
-0.00827254
-0.00836148
-0.00845043
-0.00854277
-0.00863671
-0.00873185
-0.00883086
-0.00892898
-0.00903233
-0.0091346
-0.00924096
-0.00934872
-0.00945738
-0.0095706
-0.00968284
-0.00979938
-0.00991779
-0.0100357
-0.0101603
-0.0102815
-0.0104067
-0.0105361
-0.0106561
-0.0107872
-0.0109139
-0.0110142
-0.0111213
-0.000875999
-0.000862936
-0.000605298
-0.000272387
-8.1552e-05
-0.000161748
-0.000469309
-0.000848231
-0.001097
-0.00112357
-0.00106561
-0.00113404
-0.00141114
-0.00181329
-0.00215224
-0.00229836
-0.00231957
-0.00241076
-0.00270411
-0.0031268
-0.00345273
-0.00357614
-0.00363566
-0.0038276
-0.00419924
-0.00455725
-0.00470825
-0.00476581
-0.0049188
-0.00519031
-0.00546243
-0.00553769
-0.00548864
-0.00561989
-0.005844
-0.00586957
-0.00582263
-0.00591697
-0.00603585
-0.00606194
-0.00608853
-0.00617982
-0.00627909
-0.00635193
-0.00641988
-0.00647943
-0.00651335
-0.0065546
-0.00663912
-0.00673264
-0.00678489
-0.00681367
-0.00686524
-0.00693862
-0.0070018
-0.00704986
-0.00709971
-0.00715812
-0.00721678
-0.00727323
-0.00732983
-0.00738981
-0.00745146
-0.00751519
-0.00758065
-0.00764863
-0.00771898
-0.00779113
-0.0078663
-0.00794249
-0.00802261
-0.00810286
-0.00818771
-0.00827216
-0.00836117
-0.00845017
-0.00854255
-0.00863651
-0.00873168
-0.00883071
-0.00892885
-0.00903224
-0.0091345
-0.00924091
-0.00934865
-0.00945738
-0.00957057
-0.00968286
-0.00979943
-0.00991784
-0.0100358
-0.0101604
-0.0102817
-0.0104069
-0.0105364
-0.0106564
-0.0107875
-0.0109143
-0.0110146
-0.0111218
-0.000952774
-0.00104439
-0.000859932
-0.000534478
-0.000288837
-0.000305061
-0.000584341
-0.000973644
-0.00127366
-0.0013494
-0.00127043
-0.00126055
-0.00146377
-0.00183612
-0.00220699
-0.00240112
-0.00242645
-0.00246602
-0.00268004
-0.00306599
-0.0034311
-0.00359869
-0.00364315
-0.00376426
-0.0040719
-0.00444813
-0.00464853
-0.00469359
-0.00480089
-0.00503407
-0.00531628
-0.00545924
-0.00541057
-0.00547834
-0.00572769
-0.00581666
-0.00575741
-0.00583122
-0.00597546
-0.0060236
-0.00604463
-0.00612624
-0.00622824
-0.00630437
-0.00636996
-0.00644003
-0.00649041
-0.00652517
-0.00659471
-0.00669535
-0.00676311
-0.00679224
-0.00683806
-0.00691384
-0.00698269
-0.00703276
-0.00708313
-0.00714346
-0.00720453
-0.00726277
-0.00732084
-0.00738228
-0.00744528
-0.00751013
-0.00757651
-0.00764525
-0.00771626
-0.00778896
-0.00786459
-0.00794116
-0.00802158
-0.00810206
-0.00818708
-0.00827165
-0.00836077
-0.00844982
-0.00854226
-0.00863627
-0.00873146
-0.00883054
-0.00892868
-0.00903212
-0.00913437
-0.00924085
-0.00934858
-0.00945736
-0.00957055
-0.00968287
-0.00979949
-0.00991789
-0.0100359
-0.0101606
-0.0102819
-0.0104071
-0.0105366
-0.0106567
-0.0107879
-0.0109146
-0.011015
-0.0111223
-0.000956402
-0.00116577
-0.00110187
-0.00082771
-0.000544612
-0.000472328
-0.000682042
-0.00105602
-0.00140038
-0.00154883
-0.00149613
-0.00142805
-0.00153825
-0.0018519
-0.00222649
-0.00247912
-0.00254407
-0.00254945
-0.00268322
-0.00300566
-0.00338015
-0.00360399
-0.00366475
-0.00373698
-0.0039638
-0.00431504
-0.00457464
-0.00464586
-0.00470932
-0.00489233
-0.00515939
-0.0053617
-0.00535744
-0.00536185
-0.00558602
-0.0057497
-0.00571072
-0.00574656
-0.00589918
-0.00597856
-0.00600273
-0.0060728
-0.00617313
-0.00625619
-0.00632166
-0.0063936
-0.00646006
-0.00650009
-0.00655431
-0.00665177
-0.00673587
-0.0067725
-0.00681189
-0.00688613
-0.00696126
-0.00701545
-0.00706623
-0.00712765
-0.00719114
-0.0072515
-0.00731111
-0.00737401
-0.0074384
-0.00750445
-0.00757181
-0.0076414
-0.00771313
-0.00778644
-0.00786258
-0.00793955
-0.00802032
-0.00810105
-0.00818629
-0.00827101
-0.00836025
-0.00844939
-0.0085419
-0.00863596
-0.0087312
-0.00883032
-0.00892849
-0.00903198
-0.00913423
-0.00924077
-0.00934849
-0.00945732
-0.00957054
-0.00968287
-0.00979956
-0.00991794
-0.0100361
-0.0101607
-0.0102821
-0.0104074
-0.0105369
-0.010657
-0.0107882
-0.010915
-0.0110153
-0.0111227
-0.000908678
-0.00120294
-0.00127748
-0.00111157
-0.000842915
-0.000692372
-0.000796879
-0.00111399
-0.00147564
-0.00169664
-0.00171016
-0.00162834
-0.00165359
-0.00188175
-0.0022259
-0.00251936
-0.00264301
-0.00265147
-0.00272585
-0.0029658
-0.00331033
-0.00358092
-0.00368306
-0.00373542
-0.00389167
-0.00418522
-0.00447539
-0.00459714
-0.00464247
-0.00477939
-0.00501032
-0.00523691
-0.00530452
-0.00528418
-0.00544192
-0.00565538
-0.00567267
-0.00567393
-0.00581129
-0.00592374
-0.00596065
-0.00602016
-0.00611612
-0.00620602
-0.006275
-0.00634384
-0.00642016
-0.00647481
-0.00652108
-0.00660596
-0.00670056
-0.00675166
-0.00678856
-0.00685744
-0.00693699
-0.00699711
-0.00704902
-0.00711081
-0.00717657
-0.00723942
-0.00730069
-0.00736496
-0.00743078
-0.00749812
-0.00756655
-0.00763704
-0.00770955
-0.00778351
-0.00786021
-0.00793765
-0.0080188
-0.00809984
-0.00818532
-0.00827022
-0.0083596
-0.00844886
-0.00854145
-0.00863559
-0.00873088
-0.00883007
-0.00892825
-0.00903181
-0.00913407
-0.00924067
-0.0093484
-0.00945726
-0.00957053
-0.00968285
-0.00979963
-0.009918
-0.0100362
-0.0101609
-0.0102822
-0.0104077
-0.0105371
-0.0106573
-0.0107885
-0.0109153
-0.0110157
-0.0111231
-0.000860126
-0.00117149
-0.00136362
-0.00133633
-0.00114411
-0.000959368
-0.000960564
-0.0011841
-0.00151649
-0.0017859
-0.00187994
-0.00183407
-0.0018096
-0.0019449
-0.0022275
-0.0025269
-0.00270744
-0.0027552
-0.00279759
-0.00295897
-0.0032453
-0.00352996
-0.0036837
-0.00374792
-0.00385476
-0.00407782
-0.00435866
-0.00453342
-0.00459425
-0.0046942
-0.00488031
-0.00509976
-0.00523173
-0.00523396
-0.00532204
-0.00553576
-0.00562373
-0.00561968
-0.00572324
-0.00585577
-0.00591525
-0.00597031
-0.00605934
-0.006152
-0.0062277
-0.00629582
-0.00637432
-0.00644354
-0.00649227
-0.00656324
-0.00665922
-0.00672671
-0.0067674
-0.00682934
-0.00690984
-0.00697686
-0.00703166
-0.00709348
-0.00716091
-0.0072264
-0.00728954
-0.00735518
-0.00742243
-0.00749112
-0.00756069
-0.00763213
-0.00770548
-0.00778017
-0.00785748
-0.00793543
-0.008017
-0.00809838
-0.00818414
-0.00826926
-0.00835882
-0.00844821
-0.00854091
-0.00863515
-0.00873049
-0.00882976
-0.00892797
-0.00903161
-0.00913388
-0.00924053
-0.0093483
-0.00945718
-0.00957051
-0.00968283
-0.00979969
-0.00991806
-0.0100363
-0.010161
-0.0102824
-0.0104079
-0.0105374
-0.0106576
-0.0107889
-0.0109157
-0.0110161
-0.0111235
-0.000870385
-0.00113326
-0.00137998
-0.00147439
-0.00139301
-0.00123889
-0.00117518
-0.00129494
-0.00155755
-0.00183312
-0.00199265
-0.00201099
-0.00198295
-0.00204772
-0.00225333
-0.00252244
-0.00273756
-0.00283602
-0.00287886
-0.00298673
-0.0032051
-0.00346914
-0.0036614
-0.00375393
-0.00383994
-0.00400631
-0.00424713
-0.00445033
-0.00454747
-0.0046297
-0.00477614
-0.00497077
-0.00513557
-0.00518701
-0.00523751
-0.00541193
-0.00555167
-0.00557551
-0.00564633
-0.0057787
-0.00586349
-0.00592155
-0.00600341
-0.00609622
-0.00617894
-0.0062499
-0.00632615
-0.00640445
-0.00646362
-0.0065265
-0.00661574
-0.00669542
-0.00674582
-0.00680332
-0.00688141
-0.00695438
-0.00701374
-0.00707589
-0.00714425
-0.00721233
-0.00727766
-0.00734472
-0.00741333
-0.00748344
-0.00755423
-0.00762668
-0.00770092
-0.00777638
-0.00785436
-0.00793287
-0.00801491
-0.00809667
-0.00818275
-0.00826812
-0.00835788
-0.00844744
-0.00854026
-0.00863462
-0.00873003
-0.00882939
-0.00892765
-0.00903135
-0.00913367
-0.00924037
-0.00934818
-0.00945709
-0.00957049
-0.00968281
-0.00979974
-0.00991813
-0.0100364
-0.0101612
-0.0102826
-0.0104082
-0.0105377
-0.0106579
-0.0107892
-0.010916
-0.0110164
-0.0111239
-0.000964408
-0.00114373
-0.00137635
-0.00153973
-0.00156471
-0.00148388
-0.00140904
-0.0014501
-0.00162834
-0.00186823
-0.00205936
-0.00213976
-0.00214447
-0.00217661
-0.00231166
-0.00252957
-0.00274608
-0.00288415
-0.00295337
-0.00303674
-0.00319595
-0.00341778
-0.0036201
-0.00374551
-0.00383676
-0.00396426
-0.00415567
-0.00435928
-0.00449111
-0.00457686
-0.004697
-0.00486136
-0.00502829
-0.00512674
-0.00517851
-0.00530486
-0.00546
-0.00552761
-0.00558466
-0.0057004
-0.00580291
-0.00587205
-0.00595033
-0.00604099
-0.0061277
-0.00620397
-0.00627942
-0.00636085
-0.00643108
-0.00649367
-0.0065742
-0.00665925
-0.00672164
-0.0067793
-0.00685328
-0.00692971
-0.00699456
-0.00705817
-0.00712706
-0.00719734
-0.00726504
-0.00733365
-0.00740359
-0.00747509
-0.00754716
-0.00762067
-0.00769584
-0.00777213
-0.00785082
-0.00792993
-0.00801248
-0.00809467
-0.0081811
-0.00826677
-0.00835676
-0.00844652
-0.00853949
-0.00863399
-0.0087295
-0.00882896
-0.00892729
-0.00903106
-0.00913344
-0.00924018
-0.00934806
-0.00945698
-0.00957045
-0.00968278
-0.00979978
-0.00991821
-0.0100365
-0.0101614
-0.0102828
-0.0104085
-0.010538
-0.0106582
-0.0107896
-0.0109163
-0.0110167
-0.0111243
-0.00112312
-0.00122005
-0.00139972
-0.00157524
-0.00166961
-0.00166627
-0.00162302
-0.00162917
-0.00173538
-0.00191848
-0.0021042
-0.00222514
-0.00227361
-0.00230669
-0.00239623
-0.00255995
-0.00275177
-0.00290915
-0.00300842
-0.00308976
-0.00321115
-0.00338762
-0.00357702
-0.00372425
-0.00382911
-0.00393932
-0.00409291
-0.00427496
-0.00442439
-0.00452767
-0.00463513
-0.00477258
-0.00492711
-0.00505271
-0.00512604
-0.00522212
-0.00536553
-0.00546769
-0.00553133
-0.00562886
-0.00573773
-0.00582053
-0.00589899
-0.00598698
-0.00607576
-0.00615762
-0.00623469
-0.00631581
-0.00639363
-0.00646167
-0.00653672
-0.00662129
-0.00669349
-0.00675551
-0.00682644
-0.00690384
-0.00697386
-0.00704016
-0.00710963
-0.00718159
-0.00725167
-0.00732204
-0.00739333
-0.00746622
-0.0075396
-0.00761422
-0.00769035
-0.00776748
-0.0078469
-0.00792664
-0.00800973
-0.00809237
-0.00817918
-0.00826517
-0.00835542
-0.0084454
-0.00853855
-0.0086332
-0.00872883
-0.00882841
-0.00892682
-0.00903068
-0.00913313
-0.00923993
-0.00934788
-0.00945683
-0.00957038
-0.00968274
-0.00979979
-0.00991828
-0.0100366
-0.0101616
-0.010283
-0.0104087
-0.0105382
-0.0106585
-0.0107899
-0.0109167
-0.0110171
-0.0111246
-0.00130563
-0.00134754
-0.00146737
-0.00161776
-0.00173746
-0.00179144
-0.00179447
-0.00180151
-0.00186453
-0.00199355
-0.00215103
-0.00228432
-0.00236696
-0.00241921
-0.0024905
-0.00261172
-0.00276986
-0.00292411
-0.00304227
-0.00313472
-0.00323915
-0.00337956
-0.00354445
-0.00369526
-0.00381395
-0.00392314
-0.0040518
-0.0042064
-0.00435748
-0.00447625
-0.00458179
-0.00470324
-0.00484168
-0.00497301
-0.00506931
-0.00515871
-0.00528155
-0.00539798
-0.00547893
-0.00556737
-0.005673
-0.0057659
-0.00584869
-0.00593577
-0.00602506
-0.00611058
-0.00619096
-0.0062722
-0.00635386
-0.00642835
-0.00650228
-0.00658415
-0.00666229
-0.00673064
-0.00680097
-0.00687789
-0.00695173
-0.00702142
-0.00709198
-0.00716523
-0.00723749
-0.00730978
-0.0073825
-0.00745676
-0.00753151
-0.00760733
-0.00768449
-0.00776254
-0.00784277
-0.0079232
-0.00800688
-0.00809003
-0.00817725
-0.00826359
-0.00835411
-0.00844433
-0.00853766
-0.00863248
-0.00872823
-0.00882791
-0.00892642
-0.00903035
-0.00913287
-0.00923972
-0.00934774
-0.00945672
-0.00957033
-0.00968273
-0.00979982
-0.00991837
-0.0100367
-0.0101618
-0.0102832
-0.0104089
-0.0105385
-0.0106588
-0.0107903
-0.010917
-0.0110174
-0.0111249
-0.00147494
-0.00149442
-0.00156918
-0.00168313
-0.00179803
-0.00188
-0.00192164
-0.00194744
-0.0019953
-0.00208638
-0.00221036
-0.00233551
-0.00243504
-0.00250771
-0.00257842
-0.00267508
-0.00280254
-0.00294079
-0.00306471
-0.00316784
-0.00326788
-0.00338633
-0.00352644
-0.00366896
-0.00379471
-0.00390685
-0.0040234
-0.00415719
-0.00429819
-0.00442351
-0.00453393
-0.00464769
-0.00477175
-0.00489863
-0.00500926
-0.00510414
-0.0052119
-0.00532797
-0.00542415
-0.00551308
-0.00561319
-0.00571088
-0.00579921
-0.00588704
-0.0059766
-0.00606457
-0.00614859
-0.00623108
-0.00631418
-0.00639364
-0.00646973
-0.0065498
-0.00663037
-0.0067045
-0.00677645
-0.00685277
-0.0069289
-0.00700199
-0.0070742
-0.00714853
-0.0072226
-0.00729676
-0.00737092
-0.00744646
-0.00752249
-0.00759949
-0.00767767
-0.00775663
-0.00783769
-0.00791885
-0.00800316
-0.00808686
-0.00817456
-0.00826131
-0.00835219
-0.00844271
-0.00853629
-0.00863132
-0.00872726
-0.0088271
-0.00892575
-0.00902979
-0.00913242
-0.00923934
-0.00934745
-0.0094565
-0.00957018
-0.00968265
-0.00979978
-0.0099184
-0.0100368
-0.0101619
-0.0102833
-0.0104091
-0.0105388
-0.010659
-0.0107905
-0.0109173
-0.0110176
-0.0111252
-0.00161425
-0.00163313
-0.00168403
-0.00176741
-0.00186493
-0.00195251
-0.00201657
-0.00206291
-0.00211199
-0.00218322
-0.00228022
-0.002389
-0.00249053
-0.00257577
-0.0026527
-0.00273897
-0.00284487
-0.00296498
-0.00308405
-0.00319158
-0.0032925
-0.00339999
-0.00352149
-0.00365109
-0.00377524
-0.0038894
-0.00400186
-0.00412222
-0.00425047
-0.00437512
-0.00448919
-0.00459985
-0.00471541
-0.00483568
-0.00495024
-0.00505199
-0.00515426
-0.0052651
-0.0053691
-0.00546283
-0.00555945
-0.00565805
-0.00575124
-0.00584136
-0.00593151
-0.00602091
-0.00610773
-0.00619229
-0.00627657
-0.00635943
-0.00643894
-0.00651892
-0.00660019
-0.00667855
-0.00675357
-0.00683023
-0.00690765
-0.00698361
-0.00705795
-0.00713352
-0.0072091
-0.00728501
-0.00736063
-0.00743739
-0.00751458
-0.00759268
-0.00767182
-0.00775163
-0.00783344
-0.00791526
-0.00800014
-0.00808432
-0.00817243
-0.00825953
-0.0083507
-0.00844146
-0.00853525
-0.00863045
-0.00872654
-0.0088265
-0.00892526
-0.00902938
-0.0091321
-0.00923909
-0.00934727
-0.00945637
-0.0095701
-0.00968262
-0.00979978
-0.00991847
-0.0100369
-0.010162
-0.0102835
-0.0104093
-0.010539
-0.0106593
-0.0107908
-0.0109176
-0.0110179
-0.0111255
-0.00172386
-0.00175183
-0.00179462
-0.0018587
-0.0019384
-0.00202035
-0.00209272
-0.00215297
-0.0022091
-0.00227347
-0.00235352
-0.00244637
-0.00254181
-0.00263099
-0.00271346
-0.00279711
-0.00289065
-0.00299556
-0.0031053
-0.00321189
-0.00331362
-0.00341603
-0.00352558
-0.00364257
-0.00376054
-0.00387409
-0.00398448
-0.00409714
-0.00421523
-0.00433445
-0.00444852
-0.00455865
-0.00466982
-0.00478345
-0.00489598
-0.00500214
-0.00510474
-0.00521062
-0.00531547
-0.00541365
-0.00551033
-0.00560852
-0.00570413
-0.00579644
-0.00588761
-0.00597807
-0.00606681
-0.00615345
-0.00623896
-0.00632374
-0.00640623
-0.00648759
-0.00656933
-0.00665019
-0.00672832
-0.00680628
-0.00688462
-0.00696269
-0.00703924
-0.00711632
-0.00719332
-0.00727088
-0.00734806
-0.00742618
-0.00750464
-0.00758394
-0.00766417
-0.00774496
-0.00782767
-0.00791029
-0.00799589
-0.00808071
-0.00816937
-0.00825694
-0.00834851
-0.00843963
-0.00853371
-0.00862916
-0.00872546
-0.0088256
-0.00892451
-0.00902876
-0.0091316
-0.00923868
-0.00934694
-0.00945612
-0.00956992
-0.00968251
-0.00979972
-0.00991847
-0.0100369
-0.0101621
-0.0102837
-0.0104095
-0.0105393
-0.0106595
-0.0107911
-0.0109179
-0.0110181
-0.0111257
-0.00181109
-0.00184957
-0.00189329
-0.00194832
-0.00201497
-0.00208793
-0.00215991
-0.00222651
-0.00228911
-0.00235355
-0.00242571
-0.00250709
-0.0025941
-0.0026813
-0.00276589
-0.00284985
-0.00293785
-0.00303278
-0.00313335
-0.00323538
-0.00333589
-0.00343588
-0.0035387
-0.00364634
-0.00375713
-0.00386749
-0.00397605
-0.00408464
-0.00419561
-0.00430863
-0.00442065
-0.00453014
-0.00463851
-0.00474762
-0.00485728
-0.00496451
-0.00506803
-0.0051712
-0.0052749
-0.00537569
-0.00547361
-0.00557113
-0.00566758
-0.00576181
-0.00585431
-0.00594561
-0.00603543
-0.00612359
-0.00621029
-0.00629615
-0.00638053
-0.00646355
-0.00654597
-0.00662807
-0.00670838
-0.00678788
-0.00686704
-0.00694636
-0.00702451
-0.00710284
-0.00718086
-0.00725955
-0.00733789
-0.00741703
-0.00749644
-0.00757665
-0.00765774
-0.00773929
-0.00782266
-0.00790587
-0.00799198
-0.00807728
-0.00816636
-0.00825433
-0.00834624
-0.00843767
-0.00853202
-0.00862772
-0.00872424
-0.00882457
-0.00892365
-0.00902806
-0.00913102
-0.00923822
-0.00934658
-0.00945585
-0.00956972
-0.00968239
-0.00979965
-0.00991846
-0.010037
-0.0101622
-0.0102838
-0.0104097
-0.0105394
-0.0106598
-0.0107913
-0.0109181
-0.0110184
-0.0111259
-0.00186963
-0.00191664
-0.00196502
-0.00201801
-0.0020773
-0.002142
-0.00220928
-0.00227636
-0.00234235
-0.0024088
-0.00247844
-0.0025532
-0.00263284
-0.00271536
-0.00279875
-0.00288262
-0.00296836
-0.00305775
-0.00315123
-0.00324754
-0.00334491
-0.00344273
-0.00354193
-0.00364381
-0.00374845
-0.00385446
-0.00396049
-0.00406646
-0.00417336
-0.00428176
-0.00439065
-0.00449862
-0.00460568
-0.00471264
-0.00481971
-0.00492593
-0.00503014
-0.00513306
-0.00523566
-0.00533685
-0.00543592
-0.00553384
-0.00563085
-0.0057263
-0.00582001
-0.00591235
-0.00600336
-0.006093
-0.00618117
-0.0062683
-0.0063542
-0.00643889
-0.00652248
-0.00660571
-0.0066878
-0.0067692
-0.00684984
-0.00693061
-0.00701043
-0.00709031
-0.00716963
-0.00724956
-0.00732911
-0.00740936
-0.00748973
-0.00757082
-0.0076527
-0.00773495
-0.00781895
-0.00790273
-0.00798935
-0.00807508
-0.00816454
-0.00825281
-0.00834499
-0.00843664
-0.00853117
-0.00862702
-0.00872366
-0.00882409
-0.00892326
-0.00902773
-0.00913076
-0.00923801
-0.00934642
-0.00945573
-0.00956964
-0.00968234
-0.00979964
-0.00991848
-0.010037
-0.0101623
-0.0102839
-0.0104098
-0.0105396
-0.0106599
-0.0107915
-0.0109183
-0.0110185
-0.0111261
-0.00194076
-0.00199176
-0.00204424
-0.00209892
-0.00215669
-0.00221777
-0.00228152
-0.00234682
-0.00241287
-0.00247975
-0.0025484
-0.00261995
-0.00269498
-0.00277315
-0.00285362
-0.00293574
-0.00301951
-0.00310552
-0.00319423
-0.00328554
-0.00337879
-0.00347339
-0.00356928
-0.00366688
-0.00376646
-0.00386771
-0.00396994
-0.00407268
-0.00417603
-0.00428029
-0.0043853
-0.00449045
-0.00459525
-0.00469973
-0.00480414
-0.00490837
-0.00501171
-0.00511383
-0.0052152
-0.00531578
-0.00541484
-0.00551229
-0.00560836
-0.00570296
-0.00579596
-0.00588765
-0.00597818
-0.00606768
-0.006156
-0.00624335
-0.00632968
-0.00641516
-0.00649959
-0.00658352
-0.00666654
-0.0067491
-0.00683073
-0.00691231
-0.00699307
-0.00707398
-0.00715428
-0.00723515
-0.00731569
-0.00739694
-0.0074783
-0.00756034
-0.00764317
-0.00772633
-0.00781121
-0.00789581
-0.00798319
-0.00806962
-0.00815973
-0.00824859
-0.0083413
-0.00843343
-0.0085284
-0.00862464
-0.00872163
-0.00882237
-0.0089218
-0.00902652
-0.00912975
-0.00923719
-0.00934576
-0.00945521
-0.00956923
-0.00968204
-0.00979944
-0.00991835
-0.010037
-0.0101623
-0.0102839
-0.0104099
-0.0105397
-0.0106601
-0.0107916
-0.0109184
-0.0110187
-0.0111263
)
;

boundaryField
{
    zeroGradientPlanes
    {
        type            zeroGradient;
    }
    inlet
    {
        type            zeroGradient;
    }
    plate
    {
        type            zeroGradient;
    }
    frontAndBack
    {
        type            empty;
    }
}


// ************************************************************************* //
