/*--------------------------------*- C++ -*----------------------------------*\
  =========                 |
  \\      /  F ield         | OpenFOAM: The Open Source CFD Toolbox
   \\    /   O peration     | Website:  https://openfoam.org
    \\  /    A nd           | Version:  10
     \\/     M anipulation  |
\*---------------------------------------------------------------------------*/
FoamFile
{
    format      ascii;
    class       volScalarField;
    location    "0.7";
    object      p;
}
// * * * * * * * * * * * * * * * * * * * * * * * * * * * * * * * * * * * * * //

dimensions      [0 2 -2 0 0 0 0];

internalField   nonuniform List<scalar> 
4800
(
-2.72163e-11
3.30231e-05
-1.88432e-06
-5.2395e-05
-6.33791e-05
-7.0618e-05
-0.000122837
-0.000137339
-0.000185156
-0.000248507
-0.000291914
-0.00030492
-0.000277736
-0.000210854
-8.20358e-05
0.000107407
0.000373256
0.000861989
0.00147339
0.00211048
5.44693e-06
2.72982e-05
6.61351e-07
-5.53067e-05
-5.50979e-05
-7.46461e-05
-0.000116458
-0.000139774
-0.000177589
-0.000248587
-0.000279229
-0.000304771
-0.000270654
-0.000212743
-7.85933e-05
9.96823e-05
0.000372317
0.000788438
0.00126061
0.00176818
7.18221e-06
2.43529e-05
1.43783e-06
-5.58224e-05
-5.29927e-05
-7.56436e-05
-0.000113326
-0.000139985
-0.00017371
-0.000245364
-0.00027719
-0.000301647
-0.000268405
-0.000211437
-8.52889e-05
8.42546e-05
0.000303404
0.000653553
0.00106139
0.00151337
1.27643e-05
1.89241e-05
2.59769e-06
-5.65748e-05
-4.93888e-05
-7.51621e-05
-0.000112071
-0.00013688
-0.000174244
-0.000237148
-0.000275066
-0.00029535
-0.000264447
-0.000210882
-9.74965e-05
5.3936e-05
0.000230935
0.000508989
0.0008767
0.00129693
1.5786e-05
1.47747e-05
2.97939e-06
-5.60297e-05
-4.70298e-05
-7.26367e-05
-0.000112663
-0.000130519
-0.000174766
-0.000230977
-0.000268136
-0.000289467
-0.000261262
-0.000214885
-0.000124513
-9.59848e-06
0.000119211
0.000368218
0.000704464
0.00109083
2.02144e-05
1.15588e-05
1.71502e-06
-5.37208e-05
-4.6868e-05
-6.72776e-05
-0.000114713
-0.000124149
-0.000169243
-0.000227037
-0.000258755
-0.000282753
-0.000263643
-0.000229438
-0.000174581
-0.00010411
1.20094e-05
0.000236839
0.000539303
0.000889225
2.3712e-05
9.60562e-06
-7.38439e-07
-5.05858e-05
-4.77372e-05
-6.22447e-05
-0.000112471
-0.000123879
-0.000158392
-0.000219486
-0.00025296
-0.000277896
-0.000274355
-0.00026638
-0.000251641
-0.000195602
-8.93301e-05
0.0001077
0.000372639
0.000687679
2.63124e-05
1.0024e-05
-4.4704e-06
-4.66119e-05
-4.70783e-05
-5.98164e-05
-0.000104189
-0.000120934
-0.000151925
-0.000206591
-0.000248804
-0.00028203
-0.000299418
-0.000328886
-0.000331108
-0.000283322
-0.000190284
-2.49481e-05
0.000202015
0.000485758
2.78447e-05
1.26167e-05
-8.50272e-06
-4.51916e-05
-4.3168e-05
-6.07092e-05
-9.56403e-05
-0.0001108
-0.000148786
-0.000197344
-0.000245244
-0.0003004
-0.000345925
-0.000395069
-0.000407375
-0.000370038
-0.000295348
-0.000162727
2.71205e-05
0.000282789
2.82759e-05
1.73231e-05
-1.05223e-05
-4.74366e-05
-3.64616e-05
-5.86807e-05
-9.01427e-05
-9.59268e-05
-0.000140068
-0.000196496
-0.000249409
-0.000333801
-0.000410881
-0.000463046
-0.000480946
-0.000458488
-0.000405954
-0.000306059
-0.000151774
7.81491e-05
2.74767e-05
2.21992e-05
-8.33827e-06
-5.20651e-05
-3.30256e-05
-5.00549e-05
-8.81347e-05
-8.47892e-05
-0.000124689
-0.000202173
-0.000276727
-0.000376557
-0.000468155
-0.000529671
-0.000557416
-0.000553053
-0.000523804
-0.000455038
-0.000332993
-0.000126592
2.64118e-05
2.56758e-05
1.2445e-06
-5.56434e-05
-3.49367e-05
-3.73786e-05
-8.00366e-05
-8.00382e-05
-0.000115618
-0.000211434
-0.000319977
-0.00043088
-0.000525142
-0.000595452
-0.000637631
-0.000654066
-0.000649163
-0.000608448
-0.000514998
-0.000330115
2.54044e-05
2.73852e-05
1.08376e-05
-5.2156e-05
-4.26839e-05
-2.9605e-05
-6.45932e-05
-7.79512e-05
-0.000121223
-0.000228142
-0.000360648
-0.000487698
-0.000589077
-0.000666968
-0.000722569
-0.000760642
-0.000781529
-0.00076677
-0.000698675
-0.000533083
2.55541e-05
2.66777e-05
1.88093e-05
-3.97569e-05
-4.76117e-05
-3.13109e-05
-5.00289e-05
-7.23892e-05
-0.000140349
-0.000259553
-0.00039864
-0.000540309
-0.000655945
-0.000744786
-0.000813767
-0.000872498
-0.000919516
-0.000930068
-0.000884185
-0.000735382
2.66811e-05
2.58104e-05
2.33424e-05
-2.0329e-05
-4.2375e-05
-4.33002e-05
-5.01494e-05
-6.57149e-05
-0.000158692
-0.000306127
-0.000448817
-0.000591908
-0.000721558
-0.000826878
-0.000911692
-0.000989648
-0.00106148
-0.00109692
-0.00107098
-0.000936354
2.82078e-05
2.67887e-05
2.45053e-05
-3.96286e-06
-2.49838e-05
-5.01096e-05
-7.0997e-05
-7.68557e-05
-0.00016826
-0.000345668
-0.000508812
-0.00065176
-0.000789506
-0.000913042
-0.00101638
-0.00111309
-0.0012071
-0.00126615
-0.00125881
-0.00113592
2.92912e-05
3.02767e-05
2.46955e-05
5.31034e-06
-3.2463e-06
-4.49959e-05
-0.000101791
-0.000120672
-0.000191263
-0.000369049
-0.00056105
-0.000719673
-0.000864349
-0.00100431
-0.00112764
-0.00124349
-0.0013573
-0.00143741
-0.00144757
-0.00133499
2.97766e-05
3.71189e-05
2.96948e-05
6.63841e-06
9.54687e-06
-2.94744e-05
-0.000122565
-0.000180208
-0.00024343
-0.000400134
-0.000599964
-0.000781339
-0.00094329
-0.00110051
-0.00124459
-0.00137968
-0.00151212
-0.00161046
-0.00163685
-0.00153457
3.11392e-05
4.09651e-05
3.95499e-05
8.88952e-06
9.31557e-06
-2.09873e-05
-0.000129874
-0.000234829
-0.000320737
-0.000455445
-0.000642507
-0.000834613
-0.0010185
-0.00119842
-0.00136522
-0.00152
-0.0016701
-0.00178499
-0.00182614
-0.00173436
3.37852e-05
4.38748e-05
4.76438e-05
1.53638e-05
-6.17838e-07
-2.9101e-05
-0.000133314
-0.000268347
-0.000393636
-0.000535888
-0.000706317
-0.000894841
-0.00109064
-0.00129368
-0.00148555
-0.00166221
-0.00182953
-0.0019601
-0.00201446
-0.00193233
3.78265e-05
4.68316e-05
5.10156e-05
2.32141e-05
-1.10359e-05
-5.56225e-05
-0.000152537
-0.000294679
-0.000449334
-0.000615083
-0.000791578
-0.000973184
-0.00117023
-0.00138702
-0.00160405
-0.00180387
-0.00198845
-0.00213409
-0.00220035
-0.00212633
4.24325e-05
5.07234e-05
5.07948e-05
2.34364e-05
-1.98826e-05
-8.48048e-05
-0.000190252
-0.000328761
-0.000492503
-0.000682593
-0.000878707
-0.00106927
-0.00126505
-0.0014874
-0.00172168
-0.00194361
-0.00214563
-0.00230554
-0.00238281
-0.00231572
4.64766e-05
5.5587e-05
4.8768e-05
1.47266e-05
-3.23924e-05
-0.000113219
-0.00023409
-0.000376908
-0.000541192
-0.000739802
-0.000958161
-0.00116919
-0.00137444
-0.00159903
-0.00184378
-0.00208249
-0.00230016
-0.00247287
-0.00256027
-0.00249995
5.00158e-05
5.86785e-05
4.54697e-05
-3.62324e-07
-5.55808e-05
-0.000143044
-0.000276879
-0.000432374
-0.000599312
-0.00079926
-0.00102919
-0.00126344
-0.00148798
-0.00171997
-0.00197131
-0.00222329
-0.00245334
-0.00263556
-0.00273107
-0.00267716
5.23219e-05
5.94317e-05
3.95782e-05
-1.8407e-05
-8.72966e-05
-0.000179878
-0.000319369
-0.000487678
-0.000665339
-0.000866507
-0.00110031
-0.00135099
-0.00159791
-0.00184433
-0.0021026
-0.00236438
-0.00260624
-0.00279614
-0.00289627
-0.00284656
5.26073e-05
5.69049e-05
2.93832e-05
-3.97502e-05
-0.000123168
-0.000224668
-0.000366302
-0.000543175
-0.000732264
-0.000939795
-0.00117723
-0.00143645
-0.0017021
-0.00196744
-0.00223507
-0.00250295
-0.00275555
-0.00295444
-0.00305774
-0.00300907
4.99254e-05
5.00425e-05
1.43597e-05
-6.48155e-05
-0.0001623
-0.000274891
-0.000419033
-0.000600226
-0.000799619
-0.0010151
-0.0012579
-0.00152412
-0.00180073
-0.00208453
-0.002366
-0.00263914
-0.00289841
-0.00310631
-0.00321455
-0.00316629
4.2502e-05
3.87517e-05
-5.98958e-06
-9.46807e-05
-0.000204158
-0.000328368
-0.000476938
-0.000660463
-0.000867861
-0.00109106
-0.00133908
-0.00161332
-0.00189752
-0.00219284
-0.00249062
-0.00277236
-0.00303519
-0.00324895
-0.00336305
-0.00331715
2.95597e-05
2.17295e-05
-3.15394e-05
-0.000129782
-0.000249271
-0.000383999
-0.000538709
-0.000724073
-0.000936476
-0.00116724
-0.00141912
-0.00169998
-0.00199345
-0.00229455
-0.00260421
-0.00289775
-0.00316451
-0.00338164
-0.00350041
-0.00345824
1.00005e-05
-2.01938e-06
-6.28383e-05
-0.00016991
-0.000298295
-0.000441623
-0.000602247
-0.000790182
-0.00100555
-0.00124256
-0.00149825
-0.00178203
-0.00208395
-0.00239076
-0.00270648
-0.00301027
-0.00328256
-0.00350278
-0.00362516
-0.00358642
-1.71817e-05
-3.32104e-05
-0.000100525
-0.000214998
-0.000351138
-0.000501856
-0.000667341
-0.000857287
-0.0010744
-0.00131561
-0.00157487
-0.00185948
-0.00216559
-0.00247767
-0.00279728
-0.00310759
-0.00338478
-0.00360795
-0.00373364
-0.00369863
-5.25785e-05
-7.24037e-05
-0.000145066
-0.000265484
-0.000407924
-0.000564646
-0.000734165
-0.000925396
-0.00114237
-0.00138498
-0.00164583
-0.0019301
-0.00223733
-0.0025513
-0.00287326
-0.00318823
-0.00346857
-0.00369301
-0.00382081
-0.0037899
-9.66074e-05
-0.000119888
-0.000196897
-0.000321696
-0.000468788
-0.000630159
-0.000802635
-0.000994242
-0.001209
-0.00145012
-0.00170995
-0.00199082
-0.00229728
-0.00261035
-0.00292943
-0.00324663
-0.00352991
-0.00375421
-0.00388173
-0.00385418
-0.000149224
-0.000175686
-0.000255932
-0.00038372
-0.000533772
-0.000698615
-0.000873513
-0.00106484
-0.00127529
-0.00151079
-0.00176677
-0.00203964
-0.00233973
-0.00265039
-0.00296146
-0.00327419
-0.0035589
-0.0037833
-0.00390993
-0.00388446
-0.000209747
-0.000239077
-0.000321859
-0.000451692
-0.000603545
-0.000770237
-0.000946459
-0.00113771
-0.00134431
-0.00157091
-0.00181726
-0.00207698
-0.00236097
-0.00266284
-0.00296251
-0.00326277
-0.00354322
-0.00376638
-0.0038931
-0.00387096
-0.000276617
-0.00030875
-0.000393767
-0.00052534
-0.00067816
-0.000845585
-0.00102188
-0.00121266
-0.00141746
-0.00163626
-0.00187049
-0.00211281
-0.00236814
-0.00264347
-0.00291999
-0.00319275
-0.00345424
-0.00367023
-0.00379972
-0.00378949
-0.000347371
-0.000382305
-0.000469504
-0.000603316
-0.000757756
-0.000926007
-0.00110171
-0.00128879
-0.00148881
-0.00170211
-0.00193154
-0.002169
-0.0024069
-0.0026511
-0.0028892
-0.00310554
-0.00329724
-0.00344592
-0.00352046
-0.00348048
-0.000418178
-0.000455995
-0.000545627
-0.00068204
-0.00083965
-0.00101128
-0.00119002
-0.00137668
-0.00156874
-0.00176188
-0.00195655
-0.00215622
-0.00235894
-0.00257059
-0.00279244
-0.00301058
-0.00321399
-0.00338316
-0.00348572
-0.00347839
-0.000484791
-0.000524088
-0.000615181
-0.000753249
-0.000912767
-0.00108693
-0.00126895
-0.0014604
-0.00165935
-0.00186151
-0.00206051
-0.00224989
-0.00242061
-0.00256547
-0.00268511
-0.00277387
-0.00282947
-0.00285287
-0.0028394
-0.00278022
-0.000549976
-0.00059501
-0.000691242
-0.000834924
-0.00100154
-0.00118463
-0.00137666
-0.00157783
-0.00178343
-0.00198609
-0.00217632
-0.00234584
-0.00248602
-0.00258648
-0.00264226
-0.00264784
-0.00259942
-0.00250363
-0.0023791
-0.00225397
0.00288718
0.00317424
0.00315512
0.00307138
0.00295458
0.00278252
0.00254628
0.00225355
0.00192883
0.00158524
0.00122738
0.000864696
0.000507386
0.000158662
-0.000193812
-0.000561158
-0.000951118
-0.00136093
-0.00180336
-0.00230118
-0.00286715
-0.00350286
-0.00419997
-0.00495442
-0.00572519
-0.00644703
-0.00703765
-0.00742095
-0.00756236
-0.00746023
-0.00718996
-0.00684696
-0.00650275
-0.00620537
-0.00595272
-0.0057422
-0.00559688
-0.00551974
-0.00549345
-0.00549889
-0.00551934
-0.00554524
-0.00558423
-0.00565504
-0.00573111
-0.00578635
-0.0058582
-0.00593636
-0.00599398
-0.00605376
-0.00611439
-0.00618856
-0.00625151
-0.00629568
-0.0063869
-0.00645834
-0.00647184
-0.00653646
-0.00662463
-0.00668204
-0.00674296
-0.00677211
-0.00679835
-0.00689628
-0.00697852
-0.00696625
-0.0069679
-0.00705737
-0.00712559
-0.00712292
-0.00714151
-0.0071947
-0.00722025
-0.00723984
-0.00727089
-0.00728591
-0.00730555
-0.00733876
-0.00735471
-0.0073626
-0.00738586
-0.00740744
-0.00741616
-0.00743108
-0.00745171
-0.00746679
-0.00747958
-0.0074954
-0.00751152
-0.00752622
-0.00754
-0.00755573
-0.00757031
-0.00758528
-0.00760053
-0.00761484
-0.00762945
-0.00764301
-0.00765399
-0.00766411
0.00233911
0.00281631
0.00304691
0.00305274
0.00293698
0.0027508
0.0025103
0.00222062
0.00190006
0.00155936
0.00120277
0.000840285
0.000483347
0.000135473
-0.00021574
-0.000581806
-0.000970726
-0.001379
-0.00181927
-0.00231354
-0.00287475
-0.0035054
-0.00419513
-0.0049381
-0.00569581
-0.00640657
-0.00699259
-0.0073806
-0.0075311
-0.00743743
-0.0071733
-0.00683446
-0.00649205
-0.00619669
-0.00594574
-0.00573594
-0.00559148
-0.00551492
-0.00548864
-0.00549468
-0.00551558
-0.00554146
-0.00558071
-0.00565175
-0.00572798
-0.00578334
-0.00585543
-0.00593393
-0.0059916
-0.00605145
-0.00611229
-0.0061868
-0.00624977
-0.00629377
-0.00638556
-0.0064573
-0.0064704
-0.00653519
-0.00662371
-0.00668113
-0.00674224
-0.00677128
-0.00679746
-0.00689573
-0.0069782
-0.00696569
-0.00696726
-0.00705702
-0.0071254
-0.00712255
-0.00714115
-0.00719452
-0.00722005
-0.00723962
-0.00727075
-0.00728576
-0.00730539
-0.00733868
-0.00735463
-0.00736249
-0.00738579
-0.0074074
-0.0074161
-0.00743102
-0.00745168
-0.00746676
-0.00747955
-0.00749538
-0.0075115
-0.00752621
-0.00753999
-0.00755572
-0.00757031
-0.00758527
-0.00760053
-0.00761484
-0.00762945
-0.00764301
-0.007654
-0.00766409
0.00204975
0.00260745
0.00298322
0.00307951
0.00297104
0.00275982
0.00249813
0.00219936
0.00187643
0.00153524
0.00117785
0.000813274
0.000454663
0.000106217
-0.000244831
-0.000609963
-0.000997923
-0.00140534
-0.00184374
-0.00233335
-0.0028867
-0.0035079
-0.00418395
-0.00490441
-0.00563363
-0.00631668
-0.00688452
-0.00726943
-0.00743399
-0.00736639
-0.00712819
-0.00680748
-0.00647606
-0.00618659
-0.00594067
-0.00573563
-0.00559364
-0.00551781
-0.00549153
-0.00549656
-0.0055169
-0.00554272
-0.00558123
-0.00565175
-0.00572765
-0.00578252
-0.00585441
-0.00593249
-0.00598993
-0.00605004
-0.00611065
-0.00618498
-0.00624809
-0.00629172
-0.00638333
-0.00645533
-0.0064687
-0.00653369
-0.00662198
-0.0066791
-0.0067406
-0.00677
-0.00679597
-0.0068941
-0.00697679
-0.00696449
-0.00696615
-0.00705602
-0.00712445
-0.0071216
-0.00714036
-0.00719388
-0.0072194
-0.00723904
-0.00727032
-0.00728534
-0.007305
-0.00733838
-0.00735436
-0.00736225
-0.0073856
-0.00740725
-0.00741595
-0.00743091
-0.00745159
-0.00746669
-0.00747948
-0.00749533
-0.00751147
-0.00752618
-0.00753997
-0.00755571
-0.0075703
-0.00758527
-0.00760053
-0.00761484
-0.00762946
-0.00764303
-0.00765408
-0.00766417
0.0018061
0.00238493
0.00284348
0.00302906
0.00296268
0.00275048
0.00247252
0.0021619
0.00183473
0.00149384
0.00113774
0.000773207
0.000414423
6.61574e-05
-0.000284425
-0.000648076
-0.00103484
-0.00144109
-0.00187618
-0.00235871
-0.00290109
-0.00350866
-0.00416601
-0.00485992
-0.00555687
-0.00620883
-0.0067554
-0.00713661
-0.00731657
-0.0072787
-0.00707109
-0.00677322
-0.00645628
-0.00617394
-0.00593349
-0.00573344
-0.00559328
-0.00551882
-0.00549204
-0.00549484
-0.00551529
-0.00554141
-0.00557942
-0.00564977
-0.00572487
-0.00577932
-0.0058512
-0.00592857
-0.00598601
-0.00604678
-0.006107
-0.0061811
-0.00624499
-0.00628826
-0.00637853
-0.00645114
-0.00646622
-0.0065312
-0.0066183
-0.00667518
-0.00673755
-0.00676781
-0.00679362
-0.00689081
-0.00697343
-0.00696226
-0.00696447
-0.00705385
-0.00712205
-0.00711965
-0.00713875
-0.00719229
-0.00721784
-0.00723763
-0.0072691
-0.00728427
-0.007304
-0.00733742
-0.00735351
-0.00736152
-0.00738496
-0.00740667
-0.00741546
-0.00743048
-0.00745119
-0.00746632
-0.00747918
-0.00749507
-0.00751125
-0.00752599
-0.00753982
-0.00755558
-0.0075702
-0.00758519
-0.00760048
-0.0076148
-0.00762945
-0.00764303
-0.00765424
-0.00766433
0.00157389
0.00215584
0.00266758
0.00293645
0.00293492
0.00274279
0.00245809
0.0021348
0.00179889
0.00145429
0.00109735
0.000732579
0.000373967
2.60123e-05
-0.000324264
-0.000686403
-0.00107146
-0.00147586
-0.00190674
-0.00238131
-0.0029111
-0.00350283
-0.0041395
-0.00480458
-0.00546879
-0.00609042
-0.0066164
-0.00699397
-0.00718847
-0.00717956
-0.00700433
-0.00673259
-0.00643284
-0.00615932
-0.00592469
-0.00572924
-0.00559118
-0.00551838
-0.00549122
-0.00549225
-0.00551313
-0.00553997
-0.00557765
-0.00564752
-0.00572176
-0.00577577
-0.00584762
-0.00592415
-0.00598136
-0.00604307
-0.00610289
-0.00617635
-0.00624145
-0.00628414
-0.00637196
-0.00644553
-0.00646324
-0.00652778
-0.00661321
-0.0066698
-0.00673302
-0.00676469
-0.00679047
-0.00688566
-0.00696798
-0.00695904
-0.00696208
-0.00705013
-0.007118
-0.00711661
-0.00713612
-0.00718952
-0.00721518
-0.00723521
-0.00726694
-0.00728242
-0.00730222
-0.00733563
-0.00735196
-0.00736023
-0.00738374
-0.00740555
-0.00741452
-0.00742966
-0.00745043
-0.00746564
-0.0074786
-0.00749455
-0.00751079
-0.00752559
-0.00753949
-0.0075553
-0.00756998
-0.00758499
-0.00760034
-0.00761467
-0.00762939
-0.00764298
-0.00765443
-0.00766458
0.00134725
0.00192876
0.00248169
0.00282084
0.00288943
0.00273457
0.00245416
0.00211874
0.00176947
0.00141639
0.00105561
0.000689101
0.000330442
-1.66105e-05
-0.000366339
-0.000727007
-0.00110948
-0.00151081
-0.00193673
-0.00240296
-0.00291876
-0.00349254
-0.004108
-0.00474432
-0.00537609
-0.0059689
-0.00647524
-0.0068488
-0.00705631
-0.00707465
-0.00693197
-0.0066877
-0.00640732
-0.00614443
-0.00591561
-0.00572463
-0.00558862
-0.00551718
-0.00549014
-0.00548961
-0.00551086
-0.0055386
-0.00557567
-0.00564496
-0.00571859
-0.00577214
-0.00584383
-0.00591937
-0.00597621
-0.00603893
-0.00609836
-0.00617104
-0.00623731
-0.00627928
-0.00636437
-0.00643915
-0.00645987
-0.00652377
-0.00660719
-0.00666338
-0.0067276
-0.00676105
-0.0067867
-0.00687934
-0.00696139
-0.00695528
-0.00695917
-0.00704543
-0.00711297
-0.00711288
-0.0071328
-0.00718595
-0.0072118
-0.00723207
-0.00726409
-0.00727998
-0.00729987
-0.00733322
-0.00734985
-0.00735844
-0.00738203
-0.00740397
-0.00741322
-0.00742848
-0.0074493
-0.00746462
-0.00747772
-0.00749376
-0.00751008
-0.00752498
-0.00753898
-0.00755485
-0.0075696
-0.00758466
-0.00760008
-0.00761444
-0.00762925
-0.00764287
-0.00765458
-0.00766486
0.0011244
0.00170697
0.00229239
0.00268907
0.00282421
0.00271596
0.00245029
0.00210722
0.00174366
0.00137925
0.00101197
0.000641541
0.000281824
-6.36473e-05
-0.000412155
-0.000770966
-0.00114993
-0.00154699
-0.00196685
-0.00242394
-0.00292485
-0.00347893
-0.00407266
-0.00468107
-0.0052808
-0.005846
-0.00633397
-0.00670297
-0.00692115
-0.00696443
-0.00685353
-0.00663772
-0.0063788
-0.00612809
-0.00590576
-0.00571949
-0.00558519
-0.00551515
-0.00548863
-0.00548642
-0.00550794
-0.00553665
-0.00557311
-0.00564203
-0.00571534
-0.00576829
-0.00583954
-0.00591409
-0.00597044
-0.00603415
-0.00609345
-0.0061652
-0.00623245
-0.0062739
-0.00635626
-0.00643212
-0.00645605
-0.00651936
-0.00660053
-0.00665629
-0.00672173
-0.00675707
-0.00678245
-0.00687235
-0.00695419
-0.00695115
-0.0069559
-0.00704015
-0.00710738
-0.00710876
-0.00712906
-0.00718189
-0.00720796
-0.00722852
-0.00726084
-0.00727719
-0.00729715
-0.00733043
-0.0073474
-0.00735636
-0.00738003
-0.00740212
-0.00741166
-0.00742706
-0.00744795
-0.00746341
-0.00747668
-0.0074928
-0.00750923
-0.00752422
-0.00753834
-0.00755428
-0.00756913
-0.00758424
-0.00759975
-0.00761414
-0.00762906
-0.00764271
-0.0076547
-0.00766516
0.000905559
0.00149032
0.00210165
0.00254541
0.00273947
0.00268218
0.00244023
0.00209638
0.00172041
0.00134326
0.000967459
0.000590926
0.000228427
-0.000115496
-0.000461574
-0.000817537
-0.00119238
-0.00158445
-0.00199691
-0.00244327
-0.0029289
-0.00346253
-0.00403328
-0.00461484
-0.00518414
-0.00572227
-0.00619235
-0.00655578
-0.0067824
-0.00684831
-0.00676772
-0.00658136
-0.00634574
-0.00610893
-0.00589477
-0.0057139
-0.0055811
-0.00551228
-0.00548632
-0.00548236
-0.00550397
-0.00553394
-0.00557004
-0.0056386
-0.00571166
-0.00576385
-0.00583462
-0.00590829
-0.00596403
-0.00602893
-0.00608827
-0.00615873
-0.00622696
-0.00626821
-0.00634762
-0.00642437
-0.00645176
-0.0065146
-0.00659345
-0.00664877
-0.0067154
-0.00675266
-0.00677785
-0.00686492
-0.00694647
-0.00694666
-0.00695232
-0.00703444
-0.00710135
-0.0071043
-0.00712499
-0.00717747
-0.00720381
-0.00722467
-0.00725729
-0.00727412
-0.00729418
-0.00732738
-0.00734474
-0.00735408
-0.00737784
-0.00740008
-0.00740994
-0.00742549
-0.00744646
-0.00746207
-0.00747552
-0.00749174
-0.00750827
-0.00752337
-0.00753763
-0.00755364
-0.0075686
-0.00758376
-0.00759936
-0.0076138
-0.00762882
-0.00764253
-0.00765478
-0.00766547
0.000689517
0.00127729
0.00191033
0.00239317
0.00263787
0.00263085
0.00242032
0.0020834
0.00169868
0.00130896
0.000923307
0.000539294
0.000171736
-0.000172039
-0.000514442
-0.000866421
-0.00123671
-0.00162326
-0.00202702
-0.0024603
-0.00293026
-0.00344346
-0.0039896
-0.00454528
-0.00508662
-0.00559782
-0.00604949
-0.00640682
-0.00664026
-0.0067264
-0.00667474
-0.00651827
-0.00630773
-0.00608692
-0.00588231
-0.00570779
-0.00557661
-0.00550815
-0.00548273
-0.00547728
-0.00549885
-0.0055304
-0.00556636
-0.00563442
-0.00570738
-0.005759
-0.00582942
-0.00590222
-0.00595724
-0.00602329
-0.00608259
-0.00615159
-0.00622098
-0.00626221
-0.00633847
-0.00641604
-0.00644707
-0.00650956
-0.0065861
-0.00664077
-0.00670843
-0.00674783
-0.00677303
-0.00685704
-0.00693815
-0.00694178
-0.00694848
-0.00702833
-0.00709489
-0.00709954
-0.00712061
-0.00717271
-0.00719934
-0.00722052
-0.00725345
-0.00727082
-0.00729099
-0.0073241
-0.00734184
-0.00735161
-0.00737547
-0.00739788
-0.00740809
-0.00742379
-0.00744484
-0.00746062
-0.00747426
-0.00749058
-0.00750724
-0.00752245
-0.00753686
-0.00755294
-0.00756803
-0.00758324
-0.00759895
-0.00761342
-0.00762855
-0.00764234
-0.00765482
-0.00766578
0.000474933
0.00106702
0.00171925
0.00223513
0.00252303
0.00256262
0.00238791
0.00206539
0.0016768
0.00127599
0.000880027
0.000487917
0.000113214
-0.00023285
-0.000571239
-0.00091797
-0.00128276
-0.00166283
-0.00205694
-0.00247504
-0.00292817
-0.00342112
-0.00394219
-0.00447287
-0.00498818
-0.00547277
-0.0059053
-0.00625632
-0.00649558
-0.00659966
-0.00657537
-0.00644821
-0.00626391
-0.00606137
-0.00586736
-0.00570027
-0.00557171
-0.00550297
-0.00547799
-0.00547164
-0.00549289
-0.00552595
-0.00556193
-0.0056294
-0.00570265
-0.00575391
-0.00582375
-0.00589591
-0.00595002
-0.00601676
-0.00607634
-0.00614414
-0.00621458
-0.0062559
-0.00632892
-0.00640707
-0.00644192
-0.00650423
-0.00657828
-0.00663213
-0.00670089
-0.00674267
-0.00676793
-0.00684864
-0.00692922
-0.00693651
-0.00694436
-0.00702179
-0.00708797
-0.00709443
-0.0071159
-0.00716757
-0.00719455
-0.00721609
-0.00724935
-0.00726727
-0.00728756
-0.00732056
-0.00733874
-0.00734896
-0.00737293
-0.00739552
-0.00740608
-0.00742194
-0.0074431
-0.00745905
-0.00747291
-0.00748933
-0.00750612
-0.00752146
-0.00753602
-0.00755219
-0.00756741
-0.00758267
-0.0075985
-0.00761301
-0.00762826
-0.00764213
-0.00765482
-0.00766608
0.000261685
0.000858999
0.0015287
0.00207284
0.00239761
0.00247886
0.00234094
0.0020393
0.00165243
0.00124294
0.000837251
0.000436944
5.40381e-05
-0.000296588
-0.000631934
-0.000972245
-0.00132985
-0.00170241
-0.00208669
-0.00248867
-0.00292272
-0.00339515
-0.00389251
-0.00439855
-0.00488809
-0.00534711
-0.00576084
-0.00610502
-0.00634929
-0.00646909
-0.00646967
-0.00637071
-0.00621303
-0.00603114
-0.00584974
-0.0056912
-0.00556667
-0.00549767
-0.00547261
-0.00546547
-0.00548579
-0.00552015
-0.00555639
-0.00562332
-0.00569749
-0.00574843
-0.00581734
-0.00588936
-0.00594241
-0.00600943
-0.00606987
-0.00613653
-0.00620751
-0.00624902
-0.00631876
-0.00639736
-0.00643637
-0.00649859
-0.00656982
-0.00662285
-0.00669299
-0.00673718
-0.00676235
-0.00683964
-0.00691972
-0.00693085
-0.00693991
-0.00701478
-0.00708056
-0.00708896
-0.00711085
-0.00716206
-0.00718943
-0.00721135
-0.00724492
-0.00726342
-0.00728387
-0.00731679
-0.00733541
-0.0073461
-0.00737018
-0.00739296
-0.00740392
-0.00741996
-0.00744122
-0.00745736
-0.00747146
-0.00748798
-0.00750492
-0.00752038
-0.00753512
-0.00755138
-0.00756674
-0.00758207
-0.007598
-0.00761258
-0.00762793
-0.0076419
-0.0076548
-0.00766639
4.95954e-05
0.000652053
0.00133806
0.00190699
0.0022641
0.0023821
0.00227959
0.00200289
0.00162343
0.00120841
0.00079404
0.00038647
-4.51882e-06
-0.000361154
-0.000695676
-0.00102945
-0.001378
-0.0017419
-0.00211629
-0.00250209
-0.00291449
-0.00336533
-0.00384079
-0.00432218
-0.00478565
-0.00522113
-0.00561749
-0.0059537
-0.00620163
-0.00633519
-0.00635798
-0.00628605
-0.0061552
-0.00599584
-0.00582954
-0.00568048
-0.00556079
-0.00549206
-0.00546647
-0.0054581
-0.00547722
-0.00551299
-0.00554975
-0.00561622
-0.00569183
-0.00574275
-0.00581034
-0.00588222
-0.00593444
-0.00600166
-0.00606297
-0.00612827
-0.00619953
-0.00624144
-0.00630812
-0.00638719
-0.00643047
-0.00649249
-0.00656065
-0.00661293
-0.00668462
-0.00673122
-0.00675622
-0.00683006
-0.00690968
-0.00692478
-0.00693506
-0.00700723
-0.00707265
-0.00708315
-0.00710547
-0.00715613
-0.00718392
-0.00720626
-0.00724017
-0.00725931
-0.00727993
-0.00731273
-0.00733182
-0.00734302
-0.00736724
-0.00739023
-0.0074016
-0.00741782
-0.0074392
-0.00745555
-0.00746989
-0.00748653
-0.00750363
-0.00751923
-0.00753415
-0.00755051
-0.00756601
-0.00758143
-0.00759747
-0.00761213
-0.00762756
-0.00764165
-0.00765474
-0.00766668
-0.000161495
0.000445442
0.00114686
0.00173836
0.00212421
0.00227462
0.00220472
0.0019544
0.00158761
0.00117119
0.000749816
0.000336231
-6.1816e-05
-0.000425322
-0.000761593
-0.00108981
-0.00142792
-0.00178119
-0.00214507
-0.00251518
-0.00290459
-0.00333202
-0.00378571
-0.00424302
-0.00468161
-0.00509569
-0.0054756
-0.00580265
-0.00605259
-0.00619861
-0.00624143
-0.00619462
-0.00609042
-0.00595455
-0.00580521
-0.00566727
-0.00555323
-0.00548544
-0.00545978
-0.00545012
-0.00546753
-0.00550471
-0.00554233
-0.00560778
-0.00568513
-0.00573686
-0.00580249
-0.00587387
-0.00592599
-0.00599359
-0.0060556
-0.00611938
-0.00619076
-0.00623334
-0.00629713
-0.00637636
-0.00642374
-0.00648581
-0.00655103
-0.00660231
-0.00667552
-0.00672487
-0.00674975
-0.00681981
-0.00689895
-0.00691828
-0.00692983
-0.00699915
-0.00706425
-0.00707698
-0.00709965
-0.00714973
-0.00717804
-0.00720088
-0.0072351
-0.00725488
-0.00727568
-0.00730837
-0.00732799
-0.00733973
-0.00736409
-0.00738729
-0.0073991
-0.0074155
-0.00743703
-0.0074536
-0.0074682
-0.00748497
-0.00750223
-0.00751799
-0.0075331
-0.00754957
-0.00756522
-0.00758075
-0.00759688
-0.00761164
-0.00762715
-0.00764136
-0.00765464
-0.00766694
-0.000370789
0.000239633
0.000954955
0.0015673
0.00197855
0.00215774
0.0021174
0.00189345
0.00154313
0.00112963
0.000703408
0.000284628
-0.000118715
-0.000488918
-0.000828451
-0.00115236
-0.00147973
-0.00181997
-0.00217195
-0.00252737
-0.0028942
-0.00329595
-0.0037262
-0.00416138
-0.00457822
-0.00497205
-0.00533486
-0.00565202
-0.00590321
-0.00606027
-0.00612108
-0.00609682
-0.00601811
-0.00590661
-0.00577547
-0.00565087
-0.00554447
-0.00547752
-0.00545251
-0.0054425
-0.00545674
-0.00549486
-0.00553388
-0.00559743
-0.00567683
-0.00573047
-0.00579372
-0.00586479
-0.00591729
-0.00598506
-0.00604805
-0.00611004
-0.00618083
-0.00622448
-0.00628559
-0.0063645
-0.00641626
-0.00647902
-0.00654112
-0.00659073
-0.00666546
-0.0067182
-0.00674307
-0.00680884
-0.00688737
-0.00691134
-0.00692431
-0.00699053
-0.00705525
-0.00707039
-0.00709346
-0.0071429
-0.00717177
-0.0071951
-0.00722962
-0.00725009
-0.00727114
-0.00730374
-0.00732389
-0.00733618
-0.00736069
-0.00738413
-0.00739641
-0.00741302
-0.00743469
-0.0074515
-0.00746638
-0.00748328
-0.00750073
-0.00751667
-0.00753197
-0.00754857
-0.00756436
-0.00758001
-0.00759624
-0.00761111
-0.0076267
-0.00764105
-0.00765452
-0.00766719
-0.000577671
3.56046e-05
0.000762849
0.00139386
0.00182816
0.00203342
0.00202001
0.00182084
0.00148823
0.00108158
0.000653477
0.000230873
-0.000176018
-0.000551237
-0.000894485
-0.00121556
-0.00153286
-0.00185849
-0.00219644
-0.00253828
-0.00288397
-0.00325837
-0.00366335
-0.00407818
-0.0044761
-0.00484969
-0.00519454
-0.005502
-0.00575479
-0.00592135
-0.00599752
-0.0059934
-0.00593812
-0.0058517
-0.00574009
-0.00563025
-0.00553427
-0.00546851
-0.00544402
-0.00543497
-0.00544492
-0.0054829
-0.00552427
-0.00558574
-0.005667
-0.00572334
-0.00578433
-0.00585542
-0.00590801
-0.00597515
-0.00603996
-0.00610054
-0.00616977
-0.00621468
-0.00627356
-0.0063518
-0.00640816
-0.00647199
-0.00653059
-0.00657821
-0.00665463
-0.0067111
-0.00673607
-0.00679721
-0.00687491
-0.0069039
-0.0069185
-0.00698132
-0.00704556
-0.00706339
-0.00708691
-0.00713555
-0.007165
-0.00718892
-0.00722379
-0.007245
-0.0072663
-0.00729876
-0.00731946
-0.00733236
-0.00735705
-0.00738075
-0.00739351
-0.00741033
-0.00743216
-0.00744926
-0.00746443
-0.00748148
-0.00749911
-0.00751525
-0.00753074
-0.0075475
-0.00756342
-0.00757923
-0.00759554
-0.00761055
-0.00762621
-0.0076407
-0.00765437
-0.00766739
-0.000781978
-0.00016601
0.000571212
0.00121818
0.00167353
0.00190267
0.00191372
0.00173713
0.00142207
0.0010252
0.000599156
0.000175119
-0.00023414
-0.000612361
-0.000958914
-0.00127837
-0.00158646
-0.00189723
-0.00221916
-0.00254725
-0.00287337
-0.00322056
-0.00359922
-0.00399359
-0.00437363
-0.00472776
-0.00505597
-0.00535408
-0.00560787
-0.00578264
-0.00587098
-0.0058847
-0.00585079
-0.00578914
-0.00569947
-0.00560477
-0.00552088
-0.00545885
-0.00543373
-0.00542612
-0.00543289
-0.00546944
-0.00551383
-0.00557353
-0.00565531
-0.00571464
-0.00577378
-0.00584509
-0.00589819
-0.00596382
-0.00603102
-0.0060917
-0.00615834
-0.00620336
-0.00626065
-0.00633849
-0.00639924
-0.00646436
-0.00651965
-0.0065651
-0.00664294
-0.00670319
-0.00672862
-0.00678514
-0.00686169
-0.00689572
-0.00691225
-0.00697159
-0.00703524
-0.00705591
-0.00707991
-0.00712766
-0.00715779
-0.0071824
-0.00721757
-0.00723949
-0.00726106
-0.00729345
-0.00731475
-0.00732829
-0.00735314
-0.00737713
-0.00739039
-0.00740746
-0.00742946
-0.00744686
-0.00746232
-0.00747954
-0.00749735
-0.00751372
-0.00752941
-0.00754635
-0.00756241
-0.00757839
-0.00759479
-0.00760994
-0.00762567
-0.0076403
-0.00765418
-0.00766755
-0.000984235
-0.000365361
0.000380646
0.00104124
0.0015151
0.00176608
0.00179935
0.00164375
0.00134577
0.000960045
0.000539183
0.00011623
-0.000294063
-0.000673771
-0.00102185
-0.00133983
-0.00163976
-0.00193626
-0.00224085
-0.00255319
-0.00286127
-0.00318349
-0.00353529
-0.00390759
-0.00426978
-0.0046072
-0.00492177
-0.00520961
-0.00546155
-0.00564374
-0.00574277
-0.00577197
-0.00575742
-0.0057192
-0.00565333
-0.00557405
-0.00550218
-0.00544754
-0.00542246
-0.00541594
-0.0054211
-0.00545521
-0.00550193
-0.00556006
-0.00564143
-0.00570419
-0.00576173
-0.00583347
-0.00588852
-0.00595195
-0.00602073
-0.00608296
-0.00614658
-0.00619027
-0.00624666
-0.00632482
-0.00638945
-0.00645598
-0.00650842
-0.0065513
-0.00663021
-0.00669453
-0.00672069
-0.00677253
-0.0068477
-0.00688676
-0.00690547
-0.00696139
-0.00702433
-0.00704787
-0.00707242
-0.00711931
-0.00715011
-0.00717539
-0.00721087
-0.00723359
-0.00725551
-0.0072878
-0.00730969
-0.0073239
-0.00734896
-0.00737326
-0.00738705
-0.00740436
-0.00742654
-0.00744428
-0.00746004
-0.00747746
-0.00749548
-0.00751209
-0.00752798
-0.00754512
-0.00756132
-0.00757747
-0.00759397
-0.00760926
-0.0076251
-0.00763985
-0.00765395
-0.00766767
-0.00118575
-0.000563308
0.000191425
0.000864441
0.00135404
0.00162446
0.0016779
0.00154188
0.00126051
0.000886323
0.00047193
5.27745e-05
-0.000356149
-0.000736033
-0.00108326
-0.00139911
-0.00169201
-0.0019749
-0.0022612
-0.00255558
-0.00284682
-0.00314708
-0.00347237
-0.0038213
-0.00416617
-0.00448989
-0.00479272
-0.00506879
-0.00531528
-0.00550421
-0.00561505
-0.00565708
-0.0056583
-0.00564166
-0.0055999
-0.00553798
-0.0054782
-0.00543285
-0.00541116
-0.00540527
-0.00540806
-0.00543949
-0.00548807
-0.00554531
-0.00562658
-0.00569281
-0.00574812
-0.0058198
-0.00587825
-0.0059399
-0.00600901
-0.00607306
-0.00613455
-0.00617672
-0.00623189
-0.00631016
-0.0063785
-0.00644686
-0.00649686
-0.00653681
-0.00661655
-0.00668525
-0.00671213
-0.0067591
-0.00683306
-0.00687732
-0.0068981
-0.0069505
-0.00701279
-0.00703932
-0.00706441
-0.00711036
-0.00714191
-0.00716794
-0.00720374
-0.00722729
-0.00724956
-0.00728175
-0.0073043
-0.00731923
-0.00734448
-0.00736911
-0.00738344
-0.00740104
-0.00742342
-0.00744154
-0.00745762
-0.00747523
-0.00749345
-0.00751034
-0.00752644
-0.00754378
-0.00756014
-0.00757649
-0.0075931
-0.00760853
-0.00762447
-0.00763936
-0.00765367
-0.00766773
-0.00138743
-0.000760715
3.05964e-06
0.000688277
0.00119179
0.00147874
0.00155008
0.00143187
0.00116683
0.000804894
0.000397414
-1.60384e-05
-0.000421097
-0.00079962
-0.00114397
-0.00145618
-0.0017424
-0.00201244
-0.00227993
-0.00255524
-0.00283007
-0.00311085
-0.0034116
-0.0037368
-0.00406492
-0.00437604
-0.00466718
-0.00493152
-0.00517044
-0.00536458
-0.0054883
-0.00554134
-0.00555399
-0.00555656
-0.00553928
-0.00549728
-0.00544994
-0.00541321
-0.00539781
-0.00539423
-0.00539357
-0.00542189
-0.00547304
-0.00553014
-0.00561095
-0.00568034
-0.00573253
-0.00580269
-0.00586626
-0.00592835
-0.00599696
-0.00606183
-0.00612195
-0.00616326
-0.00621634
-0.00629368
-0.00636625
-0.00643731
-0.00648486
-0.0065215
-0.00660196
-0.00667528
-0.00670298
-0.00674487
-0.00681765
-0.00686737
-0.0068901
-0.00693873
-0.00700058
-0.00703041
-0.00705588
-0.00710074
-0.00713318
-0.00716007
-0.00719613
-0.00722055
-0.00724325
-0.00727536
-0.00729851
-0.00731419
-0.00733967
-0.00736471
-0.00737961
-0.0073975
-0.00742007
-0.00743858
-0.00745498
-0.00747282
-0.00749128
-0.00750846
-0.00752478
-0.00754235
-0.00755888
-0.00757542
-0.00759216
-0.00760773
-0.00762379
-0.0076388
-0.00765334
-0.00766772
-0.00158811
-0.000957481
-0.0001854
0.000511606
0.00102834
0.00132967
0.00141672
0.00131467
0.0010654
0.00071662
0.000316832
-9.09176e-05
-0.000490244
-0.000865141
-0.00120493
-0.00151139
-0.00179026
-0.00204845
-0.00229763
-0.00255321
-0.00281108
-0.00307361
-0.00335286
-0.00365518
-0.00396632
-0.00426518
-0.00454477
-0.00479932
-0.00503022
-0.00522589
-0.00536092
-0.00542507
-0.00544707
-0.00546497
-0.00547209
-0.0054516
-0.00541661
-0.00538827
-0.00537968
-0.00538173
-0.00538018
-0.0054031
-0.00545598
-0.00551433
-0.00559353
-0.00566622
-0.00571585
-0.0057827
-0.00585235
-0.0059169
-0.0059845
-0.00604981
-0.00610828
-0.00614866
-0.00620044
-0.00627638
-0.00635235
-0.00642683
-0.00647253
-0.00650545
-0.00658637
-0.00666471
-0.00669349
-0.00672975
-0.00680095
-0.00685674
-0.00688191
-0.00692628
-0.00698745
-0.00702101
-0.00704692
-0.00709042
-0.00712386
-0.00715184
-0.0071881
-0.00721332
-0.00723644
-0.0072685
-0.00729233
-0.00730885
-0.00733459
-0.00736001
-0.00737545
-0.00739363
-0.00741644
-0.00743541
-0.00745219
-0.00747027
-0.00748896
-0.00750645
-0.00752301
-0.0075408
-0.00755753
-0.00757426
-0.00759114
-0.00760685
-0.00762305
-0.00763819
-0.00765296
-0.00766764
-0.00178518
-0.00115187
-0.000373319
0.000333826
0.000863187
0.00117812
0.0012793
0.00119187
0.000956861
0.000621163
0.000230511
-0.000171639
-0.000563883
-0.000932837
-0.00126685
-0.00156556
-0.00183572
-0.00208265
-0.00231479
-0.00254957
-0.00278955
-0.003035
-0.00329581
-0.00357767
-0.00387113
-0.00415839
-0.00442745
-0.00467338
-0.00489603
-0.00508825
-0.00523119
-0.00530784
-0.00534017
-0.00536901
-0.00539741
-0.00540026
-0.00537822
-0.00535858
-0.00535642
-0.0053655
-0.00536867
-0.00538479
-0.005435
-0.00549711
-0.00557487
-0.00565004
-0.00569976
-0.0057615
-0.00583472
-0.0059032
-0.00597103
-0.00603828
-0.00609459
-0.00613183
-0.00618388
-0.00625956
-0.00633655
-0.00641443
-0.00646023
-0.00648898
-0.00656941
-0.00665338
-0.00668368
-0.0067138
-0.006783
-0.00684542
-0.00687363
-0.00691321
-0.00697308
-0.00701091
-0.00703777
-0.00707963
-0.00711385
-0.00714301
-0.00717948
-0.00720549
-0.00722921
-0.00726135
-0.00728586
-0.00730311
-0.00732906
-0.00735492
-0.00737101
-0.00738954
-0.00741264
-0.00743207
-0.00744921
-0.0074675
-0.00748646
-0.00750428
-0.00752111
-0.00753913
-0.00755606
-0.007573
-0.00759005
-0.0076059
-0.00762226
-0.00763753
-0.0076525
-0.00766749
-0.00197763
-0.0013427
-0.000559192
0.000155942
0.000696363
0.00102416
0.00113858
0.00106432
0.000841997
0.000518455
0.000138517
-0.000256559
-0.000641299
-0.00100299
-0.0013305
-0.00162011
-0.00187952
-0.00211443
-0.0023311
-0.00254519
-0.00276661
-0.00299601
-0.00323982
-0.00350429
-0.00378039
-0.00405616
-0.00431634
-0.0045535
-0.00476773
-0.00495294
-0.0051001
-0.00518955
-0.00523377
-0.00527151
-0.00531549
-0.00534291
-0.00533621
-0.00532396
-0.00532833
-0.00534366
-0.00535565
-0.00536835
-0.0054113
-0.00547807
-0.00555608
-0.00563101
-0.00568369
-0.00574001
-0.00581219
-0.00588651
-0.00595733
-0.0060271
-0.00608161
-0.00611301
-0.00616499
-0.00624361
-0.00632041
-0.00639943
-0.00644703
-0.00647229
-0.00655106
-0.00664111
-0.00667387
-0.00669753
-0.00676384
-0.00683265
-0.00686471
-0.00689995
-0.00695798
-0.00699997
-0.00702823
-0.00706829
-0.0071029
-0.00713344
-0.00717053
-0.00719746
-0.00722162
-0.00725366
-0.00727879
-0.0072969
-0.00732324
-0.00734964
-0.00736637
-0.00738518
-0.00740852
-0.00742842
-0.00744598
-0.00746453
-0.00748379
-0.00750196
-0.00751907
-0.00753734
-0.00755449
-0.00757166
-0.00758887
-0.00760487
-0.00762138
-0.00763679
-0.00765197
-0.00766724
-0.00216535
-0.00152971
-0.000741956
-2.02206e-05
0.000529113
0.000867847
0.000994398
0.000932247
0.000722085
0.000409846
4.09968e-05
-0.000345162
-0.000722218
-0.00107585
-0.00139615
-0.0016758
-0.00192247
-0.00214386
-0.00234643
-0.0025415
-0.00274324
-0.00295708
-0.00318467
-0.00343428
-0.0036953
-0.003959
-0.00421155
-0.00443982
-0.00464538
-0.00482263
-0.00497001
-0.00506999
-0.0051266
-0.00517393
-0.00522885
-0.00527869
-0.00529119
-0.00528502
-0.0052947
-0.0053163
-0.00533756
-0.00535302
-0.00538912
-0.00545686
-0.00553574
-0.00560916
-0.00566588
-0.00571892
-0.0057871
-0.0058674
-0.00594231
-0.0060135
-0.00606907
-0.00609511
-0.00614339
-0.0062266
-0.0063051
-0.00638232
-0.00643158
-0.00645556
-0.00653203
-0.0066277
-0.00666399
-0.00668089
-0.00674316
-0.00681838
-0.00685536
-0.00688689
-0.00694238
-0.00698773
-0.00701764
-0.00705653
-0.00709171
-0.00712352
-0.0071611
-0.00718876
-0.00721329
-0.0072454
-0.00727143
-0.00729049
-0.00731713
-0.00734396
-0.00736131
-0.00738042
-0.0074041
-0.00742458
-0.00744258
-0.00746138
-0.00748093
-0.00749948
-0.00751688
-0.00753541
-0.0075528
-0.00757019
-0.00758759
-0.00760375
-0.00762043
-0.00763599
-0.00765136
-0.0076669
-0.00234687
-0.00171223
-0.0009213
-0.000193828
0.000362837
0.00070996
0.000846552
0.000795545
0.000597184
0.00029618
-6.1996e-05
-0.000438003
-0.000806247
-0.00115074
-0.00146282
-0.0017323
-0.00196526
-0.00217188
-0.00236037
-0.0025387
-0.00272064
-0.00291934
-0.00313218
-0.00336753
-0.00361621
-0.00386755
-0.00411194
-0.00433234
-0.00452998
-0.00469985
-0.00484357
-0.00494962
-0.0050172
-0.00507547
-0.00514053
-0.00520823
-0.00524218
-0.00524351
-0.00525542
-0.00528396
-0.00531404
-0.00533549
-0.00536924
-0.00543413
-0.00551312
-0.00558669
-0.00564542
-0.00569677
-0.00576201
-0.00584594
-0.00592366
-0.00599644
-0.00605686
-0.00608032
-0.00612015
-0.00620573
-0.00629006
-0.00636552
-0.00641407
-0.00643784
-0.00651239
-0.00661283
-0.00665344
-0.00666418
-0.00672177
-0.00680308
-0.00684513
-0.00687307
-0.00692607
-0.00697471
-0.00700645
-0.00704455
-0.00708019
-0.00711264
-0.00715053
-0.00717948
-0.00720488
-0.00723699
-0.00726364
-0.00728352
-0.00731048
-0.00733785
-0.00735595
-0.00737544
-0.00739946
-0.00742049
-0.00743892
-0.00745799
-0.00747788
-0.00749683
-0.00751454
-0.00753333
-0.00755097
-0.0075686
-0.00758621
-0.00760254
-0.0076194
-0.00763511
-0.00765067
-0.00766646
-0.00252018
-0.00188842
-0.00109658
-0.000364914
0.000198061
0.000552125
0.000696195
0.000654481
0.000466675
0.000177329
-0.000170144
-0.000535469
-0.000893511
-0.00122775
-0.00153005
-0.00178923
-0.00200814
-0.0021994
-0.00237305
-0.00253694
-0.00270062
-0.00288364
-0.0030837
-0.00330455
-0.00354195
-0.0037817
-0.004017
-0.00423123
-0.00442241
-0.00458552
-0.00472273
-0.00482996
-0.00490594
-0.00497592
-0.00505194
-0.00513343
-0.00518783
-0.00520039
-0.00521306
-0.00524643
-0.005285
-0.00531273
-0.00534804
-0.00541208
-0.0054909
-0.005564
-0.00562132
-0.00567145
-0.00573732
-0.00582335
-0.00590183
-0.00597652
-0.0060435
-0.00606685
-0.00609707
-0.00618193
-0.00627373
-0.00634983
-0.00639585
-0.00641767
-0.00649084
-0.00659697
-0.00664304
-0.00664802
-0.00669968
-0.00678602
-0.00683333
-0.00685836
-0.0069097
-0.00696196
-0.00699459
-0.00703104
-0.00706761
-0.0071015
-0.00713984
-0.00716991
-0.00719603
-0.00722792
-0.00725515
-0.00727603
-0.00730352
-0.0073315
-0.00735031
-0.0073701
-0.00739446
-0.00741612
-0.00743506
-0.00745443
-0.00747463
-0.00749399
-0.00751203
-0.0075311
-0.00754902
-0.00756691
-0.00758473
-0.00760123
-0.00761826
-0.00763413
-0.00764988
-0.00766591
-0.00268429
-0.00205564
-0.00126567
-0.000532503
3.50643e-05
0.000395481
0.000545348
0.000510518
0.000331087
5.27644e-05
-0.000283455
-0.000637848
-0.000984524
-0.00130708
-0.00159721
-0.0018455
-0.00205091
-0.00222713
-0.00238554
-0.002536
-0.0026842
-0.00285109
-0.00304014
-0.00324766
-0.00347299
-0.003702
-0.00392779
-0.00413585
-0.00432116
-0.00447883
-0.00460913
-0.00471494
-0.00479617
-0.00487503
-0.00496164
-0.00505479
-0.00512798
-0.00515541
-0.00517006
-0.00520395
-0.00524979
-0.00528554
-0.00532327
-0.00538954
-0.00547051
-0.00554095
-0.00559496
-0.00564377
-0.00571056
-0.00579968
-0.00587915
-0.00595406
-0.00602687
-0.00605274
-0.00607527
-0.00615787
-0.00625514
-0.0063328
-0.00637793
-0.00639648
-0.00646681
-0.00658017
-0.0066333
-0.00663166
-0.00667597
-0.00676744
-0.0068212
-0.00684356
-0.00689254
-0.00694828
-0.00698196
-0.00701664
-0.00705469
-0.00709057
-0.00712868
-0.00715911
-0.00718624
-0.00721856
-0.00724646
-0.00726819
-0.00729616
-0.00732477
-0.00734431
-0.00736443
-0.00738917
-0.0074115
-0.00743094
-0.00745058
-0.00747114
-0.00749097
-0.00750938
-0.00752874
-0.00754693
-0.00756507
-0.00758312
-0.00759982
-0.00761704
-0.00763307
-0.00764898
-0.00766523
-0.00284091
-0.00221373
-0.00142683
-0.000694823
-0.00012539
0.000239859
0.000394895
0.000365102
0.000191954
-7.74941e-05
-0.000402471
-0.000745366
-0.00107945
-0.00138859
-0.00166466
-0.001901
-0.00209381
-0.00225501
-0.0023981
-0.00253555
-0.00267169
-0.00282361
-0.00300179
-0.00319863
-0.00341127
-0.00362865
-0.00384404
-0.00404469
-0.00422419
-0.00437912
-0.00450524
-0.00460872
-0.00469119
-0.0047732
-0.00486871
-0.00497274
-0.00506321
-0.00510791
-0.00512711
-0.00515965
-0.00520941
-0.0052544
-0.00529454
-0.00536149
-0.0054495
-0.00552104
-0.00556962
-0.00561412
-0.00567863
-0.0057727
-0.00585853
-0.00593104
-0.00600553
-0.00603707
-0.00605401
-0.00613364
-0.00623601
-0.00631356
-0.00635936
-0.00637697
-0.00644062
-0.00655944
-0.00662348
-0.00661634
-0.00665149
-0.00674813
-0.0068089
-0.00682759
-0.0068732
-0.0069338
-0.00697042
-0.00700254
-0.00704016
-0.00707811
-0.00711711
-0.00714811
-0.00717606
-0.00720884
-0.00723744
-0.00725989
-0.0072883
-0.00731767
-0.00733803
-0.00735845
-0.00738351
-0.00740654
-0.00742654
-0.00744652
-0.00746745
-0.00748777
-0.00750655
-0.00752619
-0.00754468
-0.00756311
-0.0075814
-0.0075983
-0.0076157
-0.0076319
-0.00764799
-0.00766443
-0.00299171
-0.00236495
-0.00158026
-0.000850488
-0.000281382
8.60822e-05
0.000245126
0.000219263
5.09241e-05
-0.000211933
-0.000527069
-0.000858099
-0.00117887
-0.00147294
-0.00173341
-0.0019554
-0.00213553
-0.00228263
-0.00241107
-0.00253638
-0.00266331
-0.00280334
-0.00296983
-0.00315767
-0.00335849
-0.00356232
-0.00376571
-0.00395804
-0.00413162
-0.00428526
-0.00441094
-0.00451257
-0.00459372
-0.00467406
-0.00477457
-0.00488735
-0.00499261
-0.00505672
-0.0050839
-0.00511592
-0.00516621
-0.00521831
-0.00526309
-0.00532691
-0.00542317
-0.00550565
-0.00554826
-0.00558273
-0.0056427
-0.00574105
-0.00583771
-0.00590922
-0.00598075
-0.00601983
-0.00603284
-0.00610654
-0.0062174
-0.00629541
-0.00633808
-0.00635774
-0.00641424
-0.00653376
-0.0066128
-0.00660446
-0.00662687
-0.00672598
-0.00679527
-0.00681145
-0.00685344
-0.00691864
-0.0069587
-0.00698799
-0.00702417
-0.00706458
-0.00710578
-0.00713739
-0.00716518
-0.0071982
-0.00722794
-0.00725131
-0.00728002
-0.00731015
-0.00733139
-0.00735213
-0.00737753
-0.00740137
-0.00742199
-0.00744226
-0.00746352
-0.0074843
-0.00750349
-0.00752345
-0.00754228
-0.00756102
-0.00757956
-0.00759667
-0.00761427
-0.00763064
-0.00764688
-0.00766349
-0.00313479
-0.0025098
-0.00172738
-0.000999999
-0.000432207
-6.45935e-05
9.61155e-05
7.27724e-05
-9.22455e-05
-0.000349801
-0.000656766
-0.000976289
-0.00128337
-0.00156099
-0.00180343
-0.00200861
-0.00217536
-0.00231024
-0.0024253
-0.00253963
-0.00265932
-0.00279074
-0.00294579
-0.00312378
-0.00331457
-0.0035052
-0.0036945
-0.00387664
-0.00404339
-0.00419523
-0.00432365
-0.00442588
-0.00450619
-0.0045831
-0.00468222
-0.00479936
-0.00491599
-0.00500014
-0.00503982
-0.00507298
-0.00512308
-0.00517878
-0.00522921
-0.0052889
-0.00538716
-0.00548793
-0.00553369
-0.00555459
-0.0056059
-0.00570303
-0.00581024
-0.0058897
-0.00595787
-0.00600085
-0.00601108
-0.00607494
-0.00619644
-0.006282
-0.00631592
-0.00633491
-0.00638936
-0.00650631
-0.00659897
-0.00659446
-0.00660227
-0.00670073
-0.0067817
-0.00679706
-0.00683262
-0.00690061
-0.00694577
-0.00697463
-0.00700895
-0.00704974
-0.00709301
-0.00712642
-0.00715418
-0.00718692
-0.00721788
-0.00724242
-0.00727136
-0.00730216
-0.00732446
-0.0073456
-0.00737131
-0.00739591
-0.00741716
-0.00743772
-0.00745936
-0.00748067
-0.00750031
-0.00752057
-0.0075397
-0.00755874
-0.00757754
-0.00759489
-0.0076127
-0.00762925
-0.00764565
-0.00766244
-0.00326618
-0.00264507
-0.00186736
-0.00114406
-0.000579062
-0.000212445
-5.20609e-05
-7.46665e-05
-0.000237876
-0.000491094
-0.000790709
-0.00109964
-0.00139274
-0.00165357
-0.0018761
-0.00206226
-0.00221344
-0.00233685
-0.00244153
-0.00254612
-0.00265985
-0.00278527
-0.00293106
-0.00309807
-0.00327892
-0.00345831
-0.00363209
-0.00380139
-0.00396035
-0.00410871
-0.00424057
-0.00434724
-0.00443008
-0.00450387
-0.00459521
-0.00471115
-0.00483461
-0.00493628
-0.00499343
-0.00503063
-0.00508147
-0.00513909
-0.00519259
-0.00525031
-0.00534294
-0.00545921
-0.00552409
-0.00553648
-0.00556987
-0.00565883
-0.00577405
-0.00586958
-0.00593943
-0.00598084
-0.00598933
-0.00604078
-0.00616817
-0.00627152
-0.0062995
-0.00630818
-0.00636249
-0.00647937
-0.00658122
-0.00658369
-0.00658042
-0.00667505
-0.00676676
-0.00678237
-0.00681064
-0.00688126
-0.00693262
-0.00696189
-0.00699397
-0.00703362
-0.00707848
-0.00711524
-0.00714377
-0.00717533
-0.00720696
-0.00723303
-0.00726244
-0.00729389
-0.00731726
-0.00733876
-0.00736466
-0.00739008
-0.0074121
-0.00743301
-0.00745504
-0.00747689
-0.00749696
-0.00751753
-0.00753698
-0.00755635
-0.00757541
-0.00759297
-0.00761099
-0.00762772
-0.00764427
-0.00766122
-0.00338272
-0.00276749
-0.00199751
-0.00128163
-0.000722625
-0.000359269
-0.000200466
-0.000223702
-0.000386368
-0.000636742
-0.00092961
-0.00122829
-0.00150704
-0.00175084
-0.00195277
-0.00211764
-0.00225091
-0.00236242
-0.0024601
-0.00255693
-0.00266528
-0.00278673
-0.00292569
-0.00308215
-0.00325101
-0.00342017
-0.00358005
-0.00373465
-0.00388388
-0.00402669
-0.00416105
-0.00427456
-0.00436328
-0.00443625
-0.0045174
-0.00462706
-0.00475203
-0.00486549
-0.00494251
-0.00498834
-0.00504085
-0.00510079
-0.00515486
-0.00521258
-0.00529625
-0.0054161
-0.00551017
-0.00553005
-0.00554016
-0.00561285
-0.00573087
-0.00584187
-0.005922
-0.00596455
-0.0059701
-0.00600674
-0.00613022
-0.00625683
-0.00629327
-0.00628427
-0.00632826
-0.00644982
-0.00656409
-0.00657369
-0.00655981
-0.00664715
-0.00674927
-0.00676889
-0.00678987
-0.00686088
-0.00691773
-0.0069481
-0.00697962
-0.00701827
-0.0070629
-0.00710272
-0.00713344
-0.00716396
-0.00719549
-0.00722308
-0.00725328
-0.00728536
-0.00730969
-0.00733151
-0.00735765
-0.00738399
-0.00740687
-0.00742807
-0.00745042
-0.00747283
-0.0074934
-0.00751433
-0.00753413
-0.00755385
-0.0075732
-0.00759099
-0.00760921
-0.0076261
-0.00764276
-0.00765978
-0.00348079
-0.00287459
-0.00211532
-0.0014104
-0.000861735
-0.000506231
-0.000351865
-0.000376993
-0.000539722
-0.000787986
-0.0010745
-0.00136223
-0.0016257
-0.00185144
-0.00203306
-0.00217613
-0.00229027
-0.00238866
-0.00248055
-0.00257296
-0.00267657
-0.00279499
-0.00292872
-0.00307626
-0.00323211
-0.00338943
-0.00353822
-0.00367824
-0.00381626
-0.00395216
-0.00408579
-0.00420556
-0.0043015
-0.00437836
-0.00445271
-0.00455185
-0.00467214
-0.0047902
-0.00488505
-0.00494463
-0.00500023
-0.00506331
-0.00511941
-0.00517687
-0.00525053
-0.00536316
-0.0054819
-0.00552762
-0.00552473
-0.00557131
-0.00568213
-0.00580306
-0.00590015
-0.00595401
-0.0059567
-0.00597474
-0.00608509
-0.00623118
-0.00629242
-0.00627177
-0.00628984
-0.00641279
-0.00654884
-0.00656606
-0.00653722
-0.00661711
-0.00673261
-0.0067577
-0.00676855
-0.00683803
-0.00690192
-0.00693433
-0.00696562
-0.00700383
-0.00704678
-0.00708831
-0.00712256
-0.0071534
-0.0071842
-0.00721247
-0.00724352
-0.00727655
-0.007302
-0.00732411
-0.00735039
-0.00737764
-0.00740138
-0.00742287
-0.00744555
-0.00746857
-0.00748966
-0.00751093
-0.00753106
-0.00755114
-0.00757079
-0.00758883
-0.00760728
-0.00762437
-0.00764122
-0.00765848
-0.00355427
-0.0029619
-0.00221847
-0.00152899
-0.000995729
-0.000654113
-0.000509467
-0.000538938
-0.000701735
-0.000946869
-0.00122619
-0.00150177
-0.00174822
-0.00195413
-0.00211501
-0.00223757
-0.00233317
-0.002418
-0.00250351
-0.00259447
-0.00269577
-0.0028112
-0.00294002
-0.00307868
-0.00322268
-0.00336628
-0.00350513
-0.00363396
-0.00375984
-0.00388715
-0.00401593
-0.00414002
-0.00424346
-0.00432783
-0.00440113
-0.00448783
-0.00459905
-0.00471567
-0.00482239
-0.0048977
-0.00495881
-0.00502663
-0.00508675
-0.00514311
-0.00520845
-0.00530888
-0.00543758
-0.00551663
-0.00552259
-0.00554161
-0.00563148
-0.00575597
-0.00586925
-0.00594332
-0.00595077
-0.00594857
-0.00603829
-0.00619266
-0.00628632
-0.00627379
-0.00625895
-0.00636357
-0.00652623
-0.00656534
-0.00651902
-0.00658327
-0.00671329
-0.00674825
-0.00674814
-0.006814
-0.00688583
-0.00692034
-0.00695061
-0.00698977
-0.00703156
-0.00707292
-0.00711047
-0.00714322
-0.00717342
-0.00720131
-0.007233
-0.00726761
-0.00729453
-0.00731667
-0.00734279
-0.00737098
-0.00739572
-0.00741753
-0.00744047
-0.00746407
-0.00748567
-0.00750729
-0.00752776
-0.00754819
-0.00756814
-0.00758642
-0.00760507
-0.00762233
-0.00763927
-0.0076565
-0.00359634
-0.00302486
-0.00230626
-0.00163984
-0.00112804
-0.000806432
-0.000677336
-0.000714986
-0.000877823
-0.00111719
-0.00138563
-0.00164589
-0.00187232
-0.00205603
-0.00219556
-0.00229969
-0.00237982
-0.00245255
-0.00253163
-0.00262191
-0.00272356
-0.00283538
-0.00295831
-0.00308809
-0.00322195
-0.0033529
-0.00348038
-0.00360075
-0.00371514
-0.00383346
-0.0039553
-0.00407992
-0.00418974
-0.00428102
-0.00435902
-0.00443621
-0.00453704
-0.00464827
-0.00475751
-0.00484729
-0.00491679
-0.00499018
-0.00505586
-0.0051127
-0.00517388
-0.00525993
-0.00538379
-0.00548976
-0.00552416
-0.00552932
-0.00558753
-0.00570561
-0.00582909
-0.00592383
-0.0059503
-0.00593468
-0.00599492
-0.00614503
-0.00626723
-0.00628185
-0.00624559
-0.00631024
-0.00648924
-0.00656938
-0.00651055
-0.00654435
-0.00668789
-0.00674289
-0.00673197
-0.00678819
-0.00686782
-0.00690661
-0.00693549
-0.006976
-0.00701767
-0.00705744
-0.00709681
-0.00713261
-0.00716355
-0.00719052
-0.00722204
-0.00725844
-0.00728726
-0.00730937
-0.00733511
-0.00736433
-0.00739028
-0.00741244
-0.0074356
-0.00745979
-0.00748195
-0.00750392
-0.00752473
-0.00754549
-0.00756574
-0.00758426
-0.00760313
-0.00762056
-0.00763767
-0.00765514
-0.0035996
-0.00306078
-0.00238229
-0.0017526
-0.00127118
-0.00097536
-0.000865708
-0.00091394
-0.0010753
-0.00130355
-0.00155401
-0.00179283
-0.00199527
-0.00215384
-0.00227136
-0.00235866
-0.00242817
-0.00249292
-0.00256712
-0.00265569
-0.00275768
-0.00286627
-0.0029821
-0.00310265
-0.00322582
-0.00334632
-0.00346167
-0.00357477
-0.00368138
-0.00379112
-0.00390505
-0.00402431
-0.0041379
-0.00423376
-0.00431888
-0.00439478
-0.00448552
-0.00458901
-0.00469392
-0.00479366
-0.00487278
-0.00495125
-0.00502441
-0.00508427
-0.00514487
-0.00521731
-0.00532801
-0.00544847
-0.00551511
-0.00552862
-0.00555804
-0.00565572
-0.00578255
-0.00589241
-0.00594732
-0.00593337
-0.00596036
-0.00609415
-0.00623356
-0.00628258
-0.00625095
-0.00626809
-0.00643366
-0.0065641
-0.00651663
-0.00650911
-0.00665277
-0.00673708
-0.00672083
-0.00676158
-0.0068476
-0.00689333
-0.00692043
-0.00696144
-0.0070042
-0.00704231
-0.0070816
-0.00712045
-0.00715405
-0.00718017
-0.00720985
-0.00724766
-0.00727931
-0.00730173
-0.00732666
-0.00735667
-0.00738392
-0.00740653
-0.00742985
-0.00745457
-0.00747731
-0.0074997
-0.00752086
-0.007542
-0.00756257
-0.00758138
-0.00760047
-0.0076181
-0.0076353
-0.00765274
-0.00354769
-0.0030615
-0.00244889
-0.00188184
-0.00145129
-0.00119438
-0.00111007
-0.00116846
-0.00132243
-0.00152819
-0.00174719
-0.00195203
-0.00212285
-0.00225302
-0.0023487
-0.00242145
-0.00248499
-0.00254704
-0.0026186
-0.00270395
-0.00280308
-0.00290806
-0.00301541
-0.00312584
-0.00323744
-0.00334928
-0.00345523
-0.00356074
-0.00366214
-0.00376334
-0.00386925
-0.00397983
-0.00409331
-0.00419297
-0.00428359
-0.00436339
-0.00444593
-0.00454216
-0.00464066
-0.0047422
-0.00482938
-0.00491151
-0.00499308
-0.00505867
-0.0051205
-0.00518467
-0.00527936
-0.00540101
-0.00549168
-0.00552952
-0.00554684
-0.00561604
-0.00573585
-0.00585243
-0.00593372
-0.00594117
-0.00594283
-0.00604687
-0.00619092
-0.00627123
-0.00626701
-0.00625135
-0.00637188
-0.00654059
-0.00653583
-0.00649016
-0.006609
-0.00672618
-0.00671881
-0.00673963
-0.00682562
-0.00688061
-0.00690743
-0.00694783
-0.0069924
-0.00703015
-0.00706797
-0.00710812
-0.00714571
-0.00717266
-0.00719943
-0.00723731
-0.00727242
-0.00729599
-0.00731969
-0.00734991
-0.00737858
-0.00740185
-0.00742525
-0.00745029
-0.00747359
-0.00749635
-0.00751781
-0.00753923
-0.00756008
-0.00757912
-0.00759837
-0.00761613
-0.00763345
-0.00765099
-0.00326076
-0.00285827
-0.00236633
-0.00192073
-0.001593
-0.00141182
-0.00137294
-0.00144784
-0.00159357
-0.00177078
-0.00194988
-0.00211211
-0.00224642
-0.00234827
-0.00242441
-0.00248558
-0.00254498
-0.00260784
-0.00267936
-0.00276196
-0.00285547
-0.00295518
-0.00305412
-0.00315428
-0.00325465
-0.00335758
-0.00345725
-0.00355535
-0.00365283
-0.00374766
-0.00384673
-0.00394889
-0.00405723
-0.00415877
-0.00425127
-0.00433667
-0.00441679
-0.00450713
-0.00459978
-0.00469606
-0.00478835
-0.00487302
-0.00496056
-0.0050339
-0.00509881
-0.00516154
-0.00523955
-0.00535067
-0.00545363
-0.00551875
-0.0055474
-0.00559137
-0.00569043
-0.00580475
-0.00590276
-0.00594502
-0.00594209
-0.00600769
-0.00613994
-0.00624056
-0.00627403
-0.00625716
-0.00631767
-0.00648645
-0.00654627
-0.00649195
-0.006562
-0.0066989
-0.0067199
-0.006724
-0.00679961
-0.0068645
-0.00689448
-0.00693298
-0.00697867
-0.00701759
-0.00705419
-0.00709315
-0.00713403
-0.00716467
-0.00718946
-0.00722493
-0.00726279
-0.00728922
-0.00731217
-0.00734169
-0.00737168
-0.00739619
-0.00741982
-0.00744505
-0.00746896
-0.00749226
-0.00751405
-0.00753577
-0.00755694
-0.00757628
-0.00759579
-0.00761376
-0.0076313
-0.00764911
-0.00328836
-0.00291413
-0.00245446
-0.00204543
-0.00175501
-0.00160623
-0.00159042
-0.00167623
-0.00182086
-0.0019831
-0.00213463
-0.00226071
-0.00235968
-0.00243425
-0.002493
-0.00254569
-0.00260225
-0.00266721
-0.00274007
-0.00282085
-0.00290788
-0.00300004
-0.00309117
-0.00318171
-0.0032724
-0.00336574
-0.00346009
-0.00355278
-0.00364697
-0.00373896
-0.00383309
-0.00392888
-0.00402919
-0.00412973
-0.00422295
-0.00431292
-0.00439553
-0.00448174
-0.00457106
-0.00466087
-0.00475377
-0.00483945
-0.00492865
-0.00501146
-0.00508277
-0.00515036
-0.0052173
-0.0053104
-0.00541434
-0.00549991
-0.00555378
-0.00559029
-0.00566176
-0.00576356
-0.00586542
-0.00594152
-0.00595988
-0.00599207
-0.00609519
-0.0062034
-0.00627185
-0.00628244
-0.00629839
-0.00642439
-0.00653836
-0.00651808
-0.00653546
-0.00665833
-0.00671944
-0.00672262
-0.00677726
-0.00684728
-0.00688531
-0.00692199
-0.00696693
-0.00700739
-0.00704439
-0.00708143
-0.00712231
-0.00715755
-0.00718349
-0.00721496
-0.00725278
-0.00728333
-0.00730683
-0.00733438
-0.00736478
-0.0073909
-0.00741481
-0.00743982
-0.00746412
-0.00748799
-0.00751004
-0.007532
-0.00755345
-0.00757307
-0.00759277
-0.00761085
-0.00762837
-0.00764595
-0.00265732
-0.0024785
-0.00228557
-0.00213139
-0.00204021
-0.00201344
-0.00203951
-0.00210151
-0.00218255
-0.00226664
-0.00234358
-0.00240936
-0.00246639
-0.00251785
-0.00256718
-0.002618
-0.00267397
-0.00273819
-0.00280888
-0.00288502
-0.00296425
-0.00304659
-0.00312916
-0.00321072
-0.00329291
-0.00337717
-0.00346543
-0.00355403
-0.0036443
-0.00373437
-0.00382429
-0.0039154
-0.004008
-0.00410362
-0.00419611
-0.00428656
-0.00437328
-0.00445853
-0.00454658
-0.00463298
-0.00472187
-0.00480746
-0.0048942
-0.00498263
-0.00506251
-0.00513691
-0.00520273
-0.00527857
-0.00537309
-0.00546671
-0.00554339
-0.00559305
-0.00564547
-0.00572702
-0.00582333
-0.00591767
-0.0059689
-0.00599161
-0.00605932
-0.00616172
-0.00625113
-0.00629455
-0.00630185
-0.00637165
-0.00650074
-0.00654109
-0.00653393
-0.00661294
-0.00670427
-0.00672915
-0.00676125
-0.00682634
-0.00687616
-0.00691326
-0.00695579
-0.00699777
-0.0070368
-0.00707279
-0.00711126
-0.00715015
-0.00718066
-0.00720848
-0.00724324
-0.00727815
-0.00730434
-0.00732951
-0.00735928
-0.00738746
-0.0074122
-0.00743673
-0.00746125
-0.00748576
-0.0075081
-0.00753016
-0.00755179
-0.00757157
-0.00759139
-0.00760956
-0.00762728
-0.00764522
-0.00216468
-0.00213306
-0.00215827
-0.00221978
-0.00229658
-0.00237147
-0.00243395
-0.00247973
-0.0025102
-0.00252964
-0.0025442
-0.00256015
-0.00258287
-0.00261563
-0.00265827
-0.00270928
-0.00276676
-0.00283037
-0.00289857
-0.00296967
-0.00304183
-0.00311495
-0.00318898
-0.0032631
-0.00333824
-0.00341544
-0.00349676
-0.00358056
-0.00366589
-0.00375219
-0.00383834
-0.00392526
-0.00401252
-0.00410216
-0.00419168
-0.00427957
-0.00436673
-0.00445167
-0.00453831
-0.00462372
-0.00470861
-0.00479287
-0.00487706
-0.00496541
-0.00505026
-0.00512812
-0.00519663
-0.00526553
-0.00535064
-0.00544462
-0.00553164
-0.00559413
-0.00564003
-0.00570628
-0.00579713
-0.00589508
-0.00596634
-0.00599554
-0.00604081
-0.00613061
-0.0062276
-0.00629091
-0.00630826
-0.00634626
-0.00645687
-0.00654053
-0.00654254
-0.00658253
-0.00667813
-0.00673097
-0.00675247
-0.00680495
-0.00686327
-0.00690342
-0.00694264
-0.00698484
-0.00702545
-0.00706173
-0.00709782
-0.00713668
-0.00717189
-0.00719999
-0.00723063
-0.00726685
-0.00729715
-0.00732178
-0.00734989
-0.00737939
-0.0074056
-0.00743005
-0.00745457
-0.00747978
-0.00750262
-0.00752495
-0.0075469
-0.00756702
-0.00758711
-0.00760541
-0.00762309
-0.00764078
)
;

boundaryField
{
    zeroGradientPlanes
    {
        type            zeroGradient;
    }
    inlet
    {
        type            zeroGradient;
    }
    plate
    {
        type            zeroGradient;
    }
    frontAndBack
    {
        type            empty;
    }
}


// ************************************************************************* //
