/*--------------------------------*- C++ -*----------------------------------*\
  =========                 |
  \\      /  F ield         | OpenFOAM: The Open Source CFD Toolbox
   \\    /   O peration     | Website:  https://openfoam.org
    \\  /    A nd           | Version:  10
     \\/     M anipulation  |
\*---------------------------------------------------------------------------*/
FoamFile
{
    format      ascii;
    class       volScalarField;
    location    "0.4";
    object      p;
}
// * * * * * * * * * * * * * * * * * * * * * * * * * * * * * * * * * * * * * //

dimensions      [0 2 -2 0 0 0 0];

internalField   nonuniform List<scalar> 
4800
(
2.24192e-11
4.99368e-06
8.45682e-05
7.13109e-05
0.000114464
0.000369641
0.000546244
0.000483145
0.000582133
0.00076018
0.000769462
0.000735376
0.000790954
0.00092433
0.0010231
0.00116973
0.00141908
0.00185701
0.00248055
0.00310246
3.76223e-06
2.83519e-07
8.48171e-05
6.88896e-05
0.000117893
0.000363865
0.000549866
0.000476364
0.000589508
0.000754006
0.000779315
0.000737767
0.00079992
0.000929564
0.00103176
0.00116068
0.00139166
0.00177257
0.00227734
0.00277265
4.38886e-06
-2.51061e-06
8.57978e-05
6.76864e-05
0.000119074
0.000361504
0.000549586
0.00047452
0.00059255
0.000753237
0.000783644
0.000742481
0.000804941
0.000936145
0.00102851
0.00114119
0.0013303
0.00164822
0.00208726
0.00250704
6.73504e-06
-6.02003e-06
8.63069e-05
6.53242e-05
0.000120246
0.000358798
0.000547526
0.000475914
0.00058921
0.000758404
0.000780461
0.000753831
0.00080585
0.000944636
0.00102357
0.00110839
0.00125733
0.00151987
0.0019007
0.00226655
8.05582e-06
-9.27501e-06
8.62323e-05
6.4124e-05
0.000119713
0.000358041
0.000543928
0.000479907
0.000585098
0.000766259
0.000780915
0.000762102
0.000813181
0.000935008
0.00100741
0.00105043
0.00116741
0.00138633
0.00171433
0.00203644
9.20731e-06
-1.17943e-05
8.49316e-05
6.43972e-05
0.00011741
0.000358853
0.00053761
0.000486543
0.000582058
0.00077062
0.000789658
0.00076597
0.000818016
0.000924019
0.00097272
0.000985479
0.00107045
0.00124791
0.00152827
0.00181438
9.79752e-06
-1.3322e-05
8.20783e-05
6.56759e-05
0.000113404
0.000360305
0.000531867
0.00049044
0.000584209
0.000769523
0.000801192
0.000769794
0.000814238
0.000908023
0.00092774
0.000910685
0.00096771
0.00110678
0.00134026
0.00159506
9.12966e-06
-1.30568e-05
7.7767e-05
6.78853e-05
0.0001084
0.000360575
0.000529831
0.000489863
0.000590159
0.00076748
0.000806155
0.000776113
0.000801467
0.000878804
0.000877546
0.000829067
0.000857527
0.000962754
0.00115231
0.00137838
7.04028e-06
-1.05364e-05
7.21129e-05
6.96273e-05
0.000104678
0.000357552
0.000532301
0.000485469
0.000594903
0.000774494
0.000803314
0.000775628
0.000784855
0.000836203
0.000819066
0.000743945
0.000740773
0.000814785
0.000966483
0.00116556
3.10758e-06
-5.61624e-06
6.65249e-05
6.84626e-05
0.000103504
0.000350402
0.000536263
0.000485825
0.000592358
0.000786852
0.000800492
0.000760716
0.000761524
0.000787669
0.000750957
0.000654157
0.000620673
0.000664527
0.000783064
0.000957444
-2.71927e-06
1.32066e-06
6.27386e-05
6.26138e-05
0.000105346
0.00034064
0.000537544
0.00049301
0.000584679
0.000791679
0.000802993
0.000736016
0.000725236
0.000733421
0.000676666
0.000558845
0.000497613
0.000513661
0.000601542
0.000754315
-1.03241e-05
8.94681e-06
6.31408e-05
5.11864e-05
0.000107027
0.000333142
0.000533042
0.000506797
0.00058077
0.000784262
0.00079929
0.000709339
0.000679233
0.00067225
0.000597551
0.000459491
0.000370809
0.000361479
0.000422664
0.000556214
-1.91633e-05
1.54139e-05
6.86536e-05
3.59772e-05
0.000103774
0.000331127
0.00052274
0.000516069
0.000582322
0.000767628
0.00078254
0.000678426
0.000628687
0.000604753
0.000513421
0.000358392
0.000242601
0.000207647
0.000246295
0.000362199
-2.83219e-05
1.83943e-05
7.90138e-05
2.26908e-05
9.18229e-05
0.000332416
0.000512973
0.000516324
0.000587248
0.000753359
0.000753552
0.000635558
0.00057153
0.000533667
0.000425853
0.000255169
0.000116223
5.57057e-05
7.26292e-05
0.000171914
-3.66803e-05
1.67323e-05
9.17872e-05
1.66694e-05
6.97256e-05
0.000330108
0.000509007
0.000507462
0.000581345
0.000741724
0.000724353
0.000580648
0.000503331
0.000458509
0.000335747
0.000148177
-8.18167e-06
-8.97586e-05
-9.47308e-05
-1.28163e-05
-4.35103e-05
9.7231e-06
0.00010298
2.33471e-05
4.18735e-05
0.000315575
0.000510681
0.000499282
0.000561561
0.000720819
0.000696841
0.000525926
0.000424876
0.000374308
0.000242113
3.81404e-05
-0.000131694
-0.000228326
-0.000252259
-0.000187505
-4.87087e-05
-1.18605e-06
0.000108477
4.10359e-05
1.92704e-05
0.000284792
0.000506948
0.000495913
0.000533252
0.000684108
0.000663843
0.000474169
0.000344367
0.000282525
0.000144606
-7.42879e-05
-0.000256232
-0.000362395
-0.000399568
-0.000348299
-5.27297e-05
-1.34634e-05
0.000105044
6.3132e-05
8.45708e-06
0.000240251
0.00048497
0.000495029
0.000509923
0.000634267
0.000617105
0.000420153
0.000264321
0.000189295
4.6782e-05
-0.000187834
-0.000383441
-0.000493485
-0.000536345
-0.000492883
-5.64278e-05
-2.51435e-05
9.20874e-05
8.15309e-05
1.20734e-05
0.000196697
0.000440935
0.000478025
0.000491212
0.000588183
0.000557331
0.000354617
0.000181354
9.47888e-05
-4.76226e-05
-0.00029544
-0.000511131
-0.000624493
-0.000664065
-0.000621412
-6.09239e-05
-3.55017e-05
7.42385e-05
9.01242e-05
2.54978e-05
0.000163733
0.000380873
0.000434684
0.000461406
0.000550121
0.00050359
0.000279339
8.52845e-05
-5.84083e-06
-0.000140239
-0.000391218
-0.000630434
-0.000755622
-0.000786739
-0.000736259
-6.64679e-05
-4.47765e-05
5.64048e-05
8.72379e-05
3.43481e-05
0.000144164
0.000324511
0.000364358
0.000401227
0.000510803
0.000466125
0.000212571
-2.15419e-05
-0.000124431
-0.000238622
-0.000478102
-0.000734532
-0.000879144
-0.000906253
-0.000841479
-7.31685e-05
-5.43714e-05
3.91892e-05
7.56975e-05
3.26509e-05
0.000128729
0.000279755
0.000288609
0.000305771
0.000439153
0.000439787
0.000174506
-0.000120367
-0.000258476
-0.000355964
-0.000564843
-0.000824215
-0.0009872
-0.00101886
-0.000940893
-8.08007e-05
-6.55867e-05
2.10876e-05
6.18144e-05
1.93436e-05
0.000102714
0.000245874
0.000226497
0.000189694
0.000322337
0.000389261
0.000164359
-0.000180354
-0.000389976
-0.000491837
-0.000664345
-0.000906349
-0.00107979
-0.00111884
-0.00103413
-8.94106e-05
-7.89239e-05
-5.74314e-07
4.61959e-05
-8.43786e-07
6.12477e-05
0.000205752
0.000183163
8.72208e-05
0.000163929
0.00028297
0.000148284
-0.000196884
-0.000481076
-0.000630179
-0.000778948
-0.00099335
-0.00116589
-0.00120832
-0.00111966
-9.94376e-05
-9.38943e-05
-2.76314e-05
2.72089e-05
-2.07982e-05
5.47342e-06
0.000144363
0.00014893
1.36141e-05
5.36794e-06
0.000118958
7.8742e-05
-0.000197495
-0.000520367
-0.00073313
-0.000895294
-0.00108542
-0.00125119
-0.00129709
-0.00120475
-0.000111826
-0.000109769
-5.97358e-05
-2.83865e-08
-4.10083e-05
-5.09745e-05
6.16338e-05
9.50304e-05
-3.33568e-05
-0.000120248
-6.73959e-05
-5.30872e-05
-0.000235817
-0.00052734
-0.000784209
-0.000980978
-0.00117026
-0.00133261
-0.0013907
-0.00130294
-0.000127631
-0.000126826
-9.45661e-05
-3.82049e-05
-6.33479e-05
-0.000102426
-3.56847e-05
1.5161e-05
-8.12854e-05
-0.000208189
-0.000230846
-0.000226925
-0.00033146
-0.000555597
-0.000799467
-0.00101934
-0.00122287
-0.00139683
-0.00148079
-0.0014159
-0.000147451
-0.000146513
-0.00012897
-8.6705e-05
-9.79156e-05
-0.000147618
-0.00012946
-8.99908e-05
-0.000150977
-0.000275388
-0.000356276
-0.0003928
-0.000472979
-0.000629712
-0.000827136
-0.00102562
-0.00123061
-0.00142259
-0.00154404
-0.00153194
-0.000171586
-0.000170387
-0.000164037
-0.00014057
-0.000145995
-0.000194197
-0.000212914
-0.000203575
-0.000245719
-0.000349813
-0.000449085
-0.000525373
-0.00061592
-0.000743079
-0.000892089
-0.00104606
-0.00121562
-0.00140477
-0.00156004
-0.00161599
-0.000199806
-0.000199738
-0.000200813
-0.000196116
-0.000206172
-0.000249946
-0.000289393
-0.000309098
-0.000356603
-0.000442968
-0.000537585
-0.000628037
-0.000733505
-0.000859646
-0.000987749
-0.00110394
-0.00122451
-0.00137388
-0.00153279
-0.00164207
-0.000231741
-0.000234858
-0.000241738
-0.000251555
-0.000274106
-0.000316137
-0.000364595
-0.000407161
-0.000465323
-0.000548705
-0.000635942
-0.000721463
-0.000826793
-0.000955709
-0.0010853
-0.00119136
-0.00127519
-0.00137275
-0.00149915
-0.00161974
-0.000267587
-0.000274948
-0.00028842
-0.00030833
-0.000343187
-0.00039113
-0.000444335
-0.000498835
-0.000567544
-0.000654397
-0.000740987
-0.000820026
-0.000911923
-0.00103318
-0.00116533
-0.00127929
-0.00135572
-0.00141482
-0.00149317
-0.00158611
-0.00030764
-0.000318993
-0.000339903
-0.000367835
-0.000412153
-0.000469317
-0.000528877
-0.000589297
-0.000663314
-0.000753794
-0.000844446
-0.000922702
-0.00100173
-0.00110468
-0.00122939
-0.00134867
-0.00143636
-0.00148634
-0.00152587
-0.00157819
-0.000351737
-0.000366409
-0.000394792
-0.000430239
-0.000481259
-0.000546453
-0.00061431
-0.000680749
-0.000755212
-0.000846047
-0.000940162
-0.00102247
-0.00109586
-0.00118051
-0.00128702
-0.00140137
-0.00149766
-0.00155649
-0.00158491
-0.00160847
-0.000399161
-0.000416537
-0.000451194
-0.000494443
-0.000550641
-0.000621432
-0.000696862
-0.000769984
-0.000845428
-0.000932798
-0.00102729
-0.00111377
-0.00118747
-0.00126043
-0.00134695
-0.00144616
-0.00154068
-0.00160954
-0.00164611
-0.00166266
-0.000448588
-0.000468291
-0.000507732
-0.00055829
-0.000619306
-0.00069372
-0.000774618
-0.000853926
-0.000931795
-0.0010157
-0.00110688
-0.00119502
-0.00127134
-0.0013394
-0.00141124
-0.00149242
-0.00157628
-0.00164822
-0.00169543
-0.0017199
-0.00049819
-0.000520002
-0.000562872
-0.000619401
-0.000685222
-0.000762153
-0.000846468
-0.000930598
-0.00101155
-0.00109341
-0.00117975
-0.0012662
-0.00134439
-0.00141239
-0.00147684
-0.00154503
-0.00161696
-0.00168436
-0.00173704
-0.00177173
-0.000545503
-0.000569248
-0.000614545
-0.000675322
-0.000745589
-0.000824612
-0.000910686
-0.000998216
-0.00108246
-0.0011639
-0.0012459
-0.00132796
-0.0014049
-0.0014729
-0.00153439
-0.00159544
-0.00165926
-0.00172343
-0.00178165
-0.00182848
-0.000588291
-0.000613038
-0.000659433
-0.000722196
-0.00079543
-0.000875999
-0.000962412
-0.00105128
-0.00113815
-0.00122099
-0.00130098
-0.00137916
-0.0014538
-0.00152179
-0.00158217
-0.00163757
-0.00169182
-0.0017469
-0.00180161
-0.00185299
-0.000627858
-0.000655586
-0.000704857
-0.000770628
-0.00084762
-0.000931596
-0.00101996
-0.00111005
-0.0011986
-0.00128298
-0.00136262
-0.00143829
-0.00151011
-0.00157695
-0.00163768
-0.00169284
-0.0017446
-0.00179536
-0.0018463
-0.00189722
0.00379562
0.00381201
0.00354542
0.0033334
0.0031643
0.00291258
0.00254423
0.00213052
0.00173565
0.00136999
0.00100083
0.000623524
0.000224833
-0.000184005
-0.000580553
-0.000957092
-0.00128002
-0.00162304
-0.00205637
-0.00257681
-0.00323528
-0.00400887
-0.00478039
-0.00548792
-0.00617428
-0.00689143
-0.00757398
-0.00808659
-0.00827847
-0.00804081
-0.00760957
-0.00733169
-0.0071648
-0.00700575
-0.00679092
-0.00638067
-0.00606214
-0.00614484
-0.00630497
-0.00629891
-0.0062804
-0.00629775
-0.00633786
-0.00644898
-0.0065778
-0.00664782
-0.00671523
-0.00682837
-0.00689481
-0.00689799
-0.00694508
-0.00699938
-0.00700629
-0.00705804
-0.00713942
-0.0071536
-0.00717924
-0.00725454
-0.00726634
-0.00723197
-0.00727456
-0.00735142
-0.00736486
-0.00735539
-0.00738598
-0.00743053
-0.00745223
-0.00747069
-0.00750164
-0.00754095
-0.00757898
-0.00761925
-0.00766366
-0.00770999
-0.00775892
-0.00780806
-0.00786011
-0.0079131
-0.00796803
-0.00802589
-0.00808438
-0.00814728
-0.00821039
-0.00827679
-0.00834538
-0.0084138
-0.00848714
-0.00855825
-0.0086334
-0.00870969
-0.0087841
-0.0088654
-0.00894119
-0.0090222
-0.00910343
-0.00918107
-0.00926348
-0.00934198
-0.00941497
-0.00949017
0.00322465
0.00344733
0.00343215
0.00331259
0.0031486
0.00288412
0.00251024
0.00209822
0.00170704
0.00134392
0.000975468
0.000599446
0.000201277
-0.000207501
-0.000602353
-0.000978572
-0.00129995
-0.00163988
-0.00207241
-0.00258988
-0.00324146
-0.00401032
-0.00477545
-0.00546935
-0.0061411
-0.00685168
-0.00753184
-0.00804769
-0.00824823
-0.00801682
-0.00759196
-0.00732091
-0.0071558
-0.00699702
-0.00678473
-0.00637403
-0.00605411
-0.00614038
-0.00630123
-0.0062948
-0.0062777
-0.00629531
-0.00633487
-0.00644651
-0.00657552
-0.00664511
-0.00671271
-0.00682648
-0.006893
-0.00689625
-0.00694389
-0.00699853
-0.00700531
-0.0070574
-0.00713919
-0.00715302
-0.00717871
-0.00725465
-0.00726646
-0.00723168
-0.00727446
-0.00735165
-0.00736492
-0.00735535
-0.00738607
-0.0074308
-0.00745238
-0.0074708
-0.00750176
-0.00754105
-0.00757905
-0.00761929
-0.00766369
-0.00771001
-0.00775894
-0.00780806
-0.0078601
-0.00791309
-0.00796801
-0.00802588
-0.00808437
-0.00814728
-0.00821039
-0.00827679
-0.00834538
-0.0084138
-0.00848714
-0.00855825
-0.0086334
-0.00870969
-0.00878409
-0.00886541
-0.00894118
-0.00902221
-0.00910343
-0.00918106
-0.00926348
-0.00934199
-0.00941499
-0.00949019
0.00291479
0.00323573
0.00336745
0.00333485
0.00317917
0.00289161
0.00249612
0.00207315
0.00167963
0.00131615
0.000946791
0.000570491
0.000173068
-0.000237082
-0.000631974
-0.00100613
-0.00132675
-0.00166415
-0.00209544
-0.00261221
-0.00325577
-0.00401056
-0.00475746
-0.0054299
-0.0060797
-0.006769
-0.00742949
-0.0079338
-0.00814351
-0.00794521
-0.00755337
-0.00729961
-0.00713958
-0.00697952
-0.00676996
-0.00637163
-0.00606128
-0.00614589
-0.00630259
-0.00629416
-0.00627721
-0.00629622
-0.00633584
-0.0064457
-0.00657355
-0.00664295
-0.00670996
-0.00682324
-0.00688991
-0.00689328
-0.00694119
-0.0069963
-0.00700321
-0.00705519
-0.00713712
-0.00715104
-0.00717661
-0.00725265
-0.00726502
-0.00723074
-0.00727356
-0.00735058
-0.00736394
-0.00735474
-0.00738565
-0.00743039
-0.00745205
-0.0074706
-0.00750165
-0.00754099
-0.00757901
-0.00761929
-0.00766371
-0.00771004
-0.00775897
-0.0078081
-0.00786016
-0.00791315
-0.00796807
-0.00802592
-0.0080844
-0.0081473
-0.0082104
-0.0082768
-0.00834539
-0.0084138
-0.00848715
-0.00855824
-0.0086334
-0.0087097
-0.00878409
-0.00886542
-0.00894119
-0.00902221
-0.00910345
-0.00918107
-0.0092635
-0.00934201
-0.00941517
-0.0094904
0.00264096
0.00300678
0.00323606
0.00328605
0.00316687
0.00288122
0.00247123
0.00203481
0.00163681
0.00127351
0.00090528
0.000530259
0.000134319
-0.000276876
-0.000670537
-0.00104294
-0.00136436
-0.00169679
-0.00212518
-0.00264149
-0.00327366
-0.0040046
-0.00472867
-0.00538297
-0.00600652
-0.00666692
-0.00730554
-0.00779605
-0.00801734
-0.00785718
-0.00750252
-0.0072713
-0.00711964
-0.00695532
-0.00674866
-0.00636829
-0.00606937
-0.0061489
-0.00629695
-0.00628518
-0.00627139
-0.0062957
-0.00633613
-0.00644299
-0.0065689
-0.00663748
-0.00670326
-0.00681518
-0.00688141
-0.00688563
-0.00693486
-0.00699106
-0.0069985
-0.0070504
-0.00713251
-0.0071469
-0.00717218
-0.00724795
-0.00726166
-0.00722895
-0.00727166
-0.00734799
-0.00736176
-0.00735343
-0.00738461
-0.00742932
-0.00745125
-0.00747021
-0.00750146
-0.00754084
-0.00757888
-0.00761919
-0.00766362
-0.00770997
-0.00775891
-0.00780807
-0.00786014
-0.00791316
-0.00796809
-0.00802597
-0.00808445
-0.00814735
-0.00821044
-0.00827683
-0.00834541
-0.00841381
-0.00848716
-0.00855825
-0.0086334
-0.0087097
-0.00878409
-0.00886543
-0.0089412
-0.00902223
-0.00910348
-0.0091811
-0.00926354
-0.00934204
-0.00941548
-0.00949077
0.00238116
0.00277103
0.00307441
0.00320036
0.00313341
0.0028681
0.00245526
0.00200486
0.0015966
0.00122968
0.000861777
0.000488017
9.23158e-05
-0.000318482
-0.00070892
-0.00108102
-0.00140401
-0.00172865
-0.00215096
-0.00266751
-0.00328572
-0.00398885
-0.00469293
-0.00532983
-0.0059219
-0.00655122
-0.00717104
-0.00765123
-0.00788193
-0.00775718
-0.0074424
-0.00723773
-0.00709608
-0.00692832
-0.00672403
-0.0063624
-0.00607601
-0.00614948
-0.00628887
-0.00627548
-0.00626574
-0.00629578
-0.00633692
-0.00643974
-0.00656274
-0.00663057
-0.00669498
-0.00680483
-0.00687091
-0.00687686
-0.00692733
-0.00698441
-0.00699261
-0.00704414
-0.00712618
-0.00714142
-0.00716618
-0.00724112
-0.00725667
-0.00722631
-0.00726866
-0.00734383
-0.00735832
-0.00735133
-0.00738279
-0.0074274
-0.00744975
-0.00746931
-0.00750084
-0.00754031
-0.00757845
-0.00761887
-0.00766336
-0.00770975
-0.00775874
-0.00780794
-0.00786007
-0.00791314
-0.00796813
-0.00802604
-0.00808454
-0.00814744
-0.00821053
-0.0082769
-0.00834547
-0.00841385
-0.00848719
-0.00855828
-0.00863342
-0.00870972
-0.00878411
-0.00886544
-0.00894123
-0.00902225
-0.00910352
-0.00918113
-0.00926361
-0.00934207
-0.00941587
-0.00949127
0.00213357
0.00253674
0.00289921
0.00309268
0.00308032
0.0028478
0.00244517
0.00198398
0.00156055
0.00118513
0.000816806
0.000443797
4.77757e-05
-0.000362953
-0.00075018
-0.00111966
-0.00144499
-0.00176127
-0.00217301
-0.0026889
-0.00329422
-0.00397205
-0.00465593
-0.00527224
-0.00583234
-0.00643063
-0.00703398
-0.00750606
-0.00774304
-0.00765081
-0.00737607
-0.00719898
-0.00707005
-0.00690102
-0.00669844
-0.00635518
-0.00608176
-0.00614937
-0.00628116
-0.00626668
-0.00625986
-0.00629512
-0.00633725
-0.00643563
-0.00655565
-0.00662318
-0.00668607
-0.00679352
-0.00685952
-0.00686701
-0.00691845
-0.00697669
-0.00698598
-0.00703697
-0.00711886
-0.00713509
-0.00715918
-0.00723316
-0.00725092
-0.00722323
-0.00726502
-0.00733888
-0.0073543
-0.00734885
-0.00738056
-0.00742503
-0.00744791
-0.00746817
-0.00750005
-0.00753963
-0.00757791
-0.00761846
-0.00766302
-0.00770945
-0.00775849
-0.00780775
-0.00785995
-0.00791309
-0.00796813
-0.0080261
-0.00808463
-0.00814754
-0.00821063
-0.00827699
-0.00834554
-0.00841391
-0.00848722
-0.0085583
-0.00863343
-0.00870973
-0.00878412
-0.00886546
-0.00894127
-0.00902227
-0.00910358
-0.00918116
-0.0092637
-0.0093421
-0.00941626
-0.00949184
0.00189549
0.00230582
0.00271533
0.00296938
0.00300926
0.00281518
0.00243199
0.00196853
0.00152936
0.00113973
0.000768619
0.000395758
-2.59457e-07
-0.000412708
-0.000797676
-0.00115905
-0.00148569
-0.00179733
-0.00219471
-0.00270578
-0.00330366
-0.00395918
-0.00461544
-0.00520737
-0.00573924
-0.00630921
-0.0068968
-0.00735962
-0.00760086
-0.00753897
-0.00730219
-0.00715374
-0.00704193
-0.00687414
-0.00667255
-0.00634691
-0.00608653
-0.00614824
-0.00627248
-0.00625662
-0.00625222
-0.00629321
-0.0063371
-0.00643121
-0.00654843
-0.00661564
-0.00667648
-0.00678111
-0.00684687
-0.00685598
-0.00690865
-0.00696829
-0.00697866
-0.00702902
-0.00711078
-0.00712813
-0.00715161
-0.00722464
-0.00724471
-0.00721976
-0.00726094
-0.00733349
-0.00734993
-0.0073461
-0.00737806
-0.00742241
-0.00744586
-0.0074669
-0.00749914
-0.00753885
-0.00757726
-0.00761794
-0.00766259
-0.00770906
-0.00775816
-0.0078075
-0.00785978
-0.00791301
-0.00796812
-0.00802614
-0.00808471
-0.00814764
-0.00821074
-0.00827708
-0.00834563
-0.00841398
-0.00848727
-0.00855835
-0.00863347
-0.00870976
-0.00878415
-0.00886547
-0.00894132
-0.00902229
-0.00910366
-0.0091812
-0.00926381
-0.00934214
-0.00941664
-0.00949246
0.00166523
0.00207931
0.00252635
0.00283476
0.00292279
0.00276775
0.00240792
0.00195128
0.00150182
0.00109398
0.000715557
0.000342871
-5.18266e-05
-0.000465857
-0.000851083
-0.00120177
-0.00152559
-0.00183632
-0.00221816
-0.00271909
-0.0033126
-0.00394562
-0.00456651
-0.00513408
-0.00564649
-0.00619143
-0.00675889
-0.00721034
-0.00745608
-0.00742219
-0.00722023
-0.00710115
-0.00701011
-0.00684607
-0.00664525
-0.0063366
-0.00608935
-0.00614476
-0.00626136
-0.00624518
-0.00624423
-0.0062915
-0.00633728
-0.0064266
-0.00654028
-0.00660681
-0.00666553
-0.00676735
-0.00683324
-0.00684435
-0.00689824
-0.00695922
-0.00697081
-0.00702055
-0.00710212
-0.00712067
-0.0071436
-0.00721563
-0.00723802
-0.00721592
-0.00725653
-0.00732773
-0.00734523
-0.00734309
-0.00737534
-0.00741959
-0.00744366
-0.0074655
-0.00749811
-0.00753794
-0.00757651
-0.00761735
-0.0076621
-0.00770865
-0.00775781
-0.00780724
-0.0078596
-0.00791291
-0.0079681
-0.00802618
-0.0080848
-0.00814775
-0.00821086
-0.00827718
-0.00834572
-0.00841404
-0.00848732
-0.00855838
-0.00863349
-0.00870977
-0.00878418
-0.00886548
-0.00894138
-0.00902231
-0.00910374
-0.00918124
-0.00926394
-0.00934219
-0.009417
-0.00949312
0.00144103
0.00185759
0.00233434
0.00269082
0.00282198
0.00270293
0.00236923
0.00192572
0.00147497
0.0010508
0.000659356
0.000284464
-0.00010599
-0.000519273
-0.000908914
-0.00125107
-0.00156544
-0.00187317
-0.00224217
-0.00273054
-0.00331666
-0.00392703
-0.00451276
-0.00505973
-0.00555861
-0.0060761
-0.00661743
-0.00705692
-0.00730785
-0.00729944
-0.00713002
-0.0070402
-0.00697224
-0.00681559
-0.00661719
-0.0063253
-0.00609073
-0.00613952
-0.0062492
-0.0062339
-0.00623612
-0.00628896
-0.00633633
-0.0064201
-0.00653014
-0.00659705
-0.00665419
-0.00675318
-0.00681935
-0.00683239
-0.00688715
-0.00694951
-0.00696248
-0.00701141
-0.00709266
-0.00711264
-0.00713514
-0.00720603
-0.0072308
-0.00721174
-0.00725177
-0.00732154
-0.00734018
-0.00733985
-0.00737241
-0.00741655
-0.00744127
-0.00746393
-0.00749695
-0.00753694
-0.00757569
-0.00761672
-0.00766158
-0.00770819
-0.00775742
-0.00780693
-0.00785939
-0.00791279
-0.00796807
-0.00802622
-0.00808489
-0.00814785
-0.00821097
-0.00827728
-0.0083458
-0.00841411
-0.00848738
-0.00855842
-0.00863353
-0.0087098
-0.00878423
-0.0088655
-0.00894145
-0.00902233
-0.00910384
-0.00918129
-0.00926407
-0.00934225
-0.00941732
-0.0094938
0.00122227
0.00164062
0.00213954
0.00253772
0.00270881
0.00262136
0.00231511
0.00188798
0.00144366
0.00101163
0.000602746
0.00022044
-0.000163137
-0.000572015
-0.000967897
-0.00130742
-0.00160769
-0.00190588
-0.00226616
-0.00274263
-0.00331538
-0.00390348
-0.00446018
-0.00498892
-0.00547083
-0.00595554
-0.00646943
-0.0069002
-0.00715748
-0.0071727
-0.00703376
-0.00697135
-0.00692807
-0.00678354
-0.00658919
-0.00631278
-0.00609054
-0.00613295
-0.00623582
-0.00622088
-0.0062253
-0.00628433
-0.0063346
-0.00641303
-0.00651983
-0.00658787
-0.006643
-0.0067382
-0.00680442
-0.00681939
-0.00687498
-0.00693889
-0.00695343
-0.00700153
-0.00708256
-0.00710417
-0.00712616
-0.0071958
-0.00722308
-0.00720723
-0.00724662
-0.0073149
-0.00733477
-0.00733636
-0.00736923
-0.00741324
-0.00743864
-0.0074622
-0.00749567
-0.00753584
-0.00757479
-0.007616
-0.00766097
-0.00770767
-0.00775699
-0.0078066
-0.00785916
-0.00791266
-0.00796803
-0.00802624
-0.00808497
-0.00814795
-0.00821109
-0.00827739
-0.00834591
-0.00841419
-0.00848744
-0.00855846
-0.00863356
-0.00870981
-0.00878427
-0.00886551
-0.00894152
-0.00902236
-0.00910394
-0.00918134
-0.0092642
-0.00934232
-0.00941762
-0.00949451
0.00101028
0.00142942
0.00194235
0.0023745
0.00258514
0.00252592
0.0022459
0.00183671
0.00140264
0.000972905
0.000548828
0.000154367
-0.000225273
-0.00062606
-0.00102476
-0.00136816
-0.00165595
-0.00193768
-0.00228779
-0.00275324
-0.00331068
-0.00387777
-0.00440958
-0.00491764
-0.00537544
-0.00582762
-0.00632013
-0.00674652
-0.00700942
-0.00704432
-0.00693085
-0.00689313
-0.00687672
-0.00674803
-0.00655862
-0.00629777
-0.00608926
-0.00612517
-0.00622023
-0.00620571
-0.00621301
-0.00627958
-0.00633398
-0.00640629
-0.00650832
-0.00657715
-0.00663026
-0.00672158
-0.00678831
-0.00680574
-0.00686216
-0.00692764
-0.00694391
-0.00699113
-0.00707177
-0.00709498
-0.00711652
-0.00718493
-0.00721484
-0.00720226
-0.00724097
-0.00730775
-0.00732898
-0.00733256
-0.00736574
-0.00740965
-0.00743581
-0.00746033
-0.00749425
-0.0075346
-0.00757377
-0.0076152
-0.00766031
-0.0077071
-0.00775652
-0.00780623
-0.00785889
-0.0079125
-0.00796797
-0.00802626
-0.00808505
-0.00814806
-0.00821121
-0.00827749
-0.008346
-0.00841426
-0.00848749
-0.0085585
-0.00863361
-0.00870983
-0.00878433
-0.00886553
-0.0089416
-0.00902239
-0.00910406
-0.0091814
-0.00926433
-0.0093424
-0.00941789
-0.00949524
0.000806478
0.00122551
0.00174444
0.00220052
0.00244963
0.00241923
0.00216222
0.0017721
0.00134883
0.000927942
0.000498383
8.97809e-05
-0.000293689
-0.000685235
-0.00107825
-0.00142821
-0.00171058
-0.00197146
-0.00230504
-0.0027587
-0.00330551
-0.00385536
-0.00435718
-0.00483743
-0.00527368
-0.00570223
-0.00617696
-0.00659594
-0.00686077
-0.00691086
-0.00681909
-0.00680505
-0.00681734
-0.00670751
-0.00652534
-0.00628197
-0.00608828
-0.00611688
-0.00620335
-0.00618984
-0.00619957
-0.00627291
-0.00633189
-0.00639774
-0.0064943
-0.00656493
-0.00661743
-0.00670498
-0.00677194
-0.00679155
-0.00684835
-0.00691533
-0.00693364
-0.00697992
-0.00705998
-0.00708498
-0.00710628
-0.00717343
-0.00720595
-0.00719676
-0.00723484
-0.00730013
-0.00732278
-0.00732846
-0.00736199
-0.00740581
-0.00743277
-0.00745827
-0.00749266
-0.00753323
-0.00757265
-0.00761432
-0.00765958
-0.00770647
-0.00775598
-0.00780581
-0.0078586
-0.00791232
-0.00796789
-0.00802626
-0.00808512
-0.00814815
-0.00821133
-0.0082776
-0.00834611
-0.00841435
-0.00848757
-0.00855854
-0.00863366
-0.00870985
-0.00878439
-0.00886554
-0.0089417
-0.00902243
-0.00910418
-0.00918148
-0.00926446
-0.0093425
-0.00941815
-0.00949597
0.000609568
0.00102921
0.00154879
0.00201741
0.00229938
0.00230149
0.0020658
0.00169491
0.00128214
0.000871746
0.000447218
2.79094e-05
-0.000364862
-0.00075077
-0.00113075
-0.0014827
-0.00176692
-0.00200971
-0.00232199
-0.00275903
-0.00329919
-0.00383839
-0.00430011
-0.00474433
-0.00517306
-0.00558789
-0.00603679
-0.00644041
-0.00670554
-0.00677303
-0.00670399
-0.00670984
-0.00674959
-0.00666297
-0.006491
-0.00626481
-0.00608592
-0.00610728
-0.00618481
-0.00617169
-0.00618253
-0.00626238
-0.00632814
-0.00638948
-0.00648079
-0.006553
-0.00660426
-0.00668711
-0.00675393
-0.00677582
-0.00683319
-0.0069022
-0.00692291
-0.00696795
-0.00704716
-0.00707422
-0.00709545
-0.00716124
-0.00719644
-0.00719083
-0.00722827
-0.00729199
-0.00731615
-0.00732405
-0.00735795
-0.00740168
-0.00742946
-0.00745599
-0.0074909
-0.00753171
-0.0075714
-0.00761331
-0.00765874
-0.00770575
-0.0077554
-0.00780536
-0.00785827
-0.0079121
-0.0079678
-0.00802626
-0.00808519
-0.00814825
-0.00821145
-0.00827771
-0.0083462
-0.00841441
-0.00848762
-0.00855857
-0.00863371
-0.00870987
-0.00878446
-0.00886556
-0.0089418
-0.00902248
-0.00910431
-0.00918158
-0.00926458
-0.00934262
-0.0094184
-0.00949671
0.000417037
0.000839105
0.00135855
0.00183057
0.00213413
0.00216998
0.00195711
0.00160445
0.00120337
0.000802672
0.000389304
-3.27213e-05
-0.000433773
-0.000819714
-0.00118743
-0.0015309
-0.00181905
-0.00205461
-0.002343
-0.00275566
-0.00328833
-0.00382239
-0.00424245
-0.0046443
-0.00507401
-0.0054821
-0.00589572
-0.00627653
-0.00654545
-0.00663682
-0.00659089
-0.00660853
-0.00667172
-0.0066129
-0.00645351
-0.00624265
-0.00607945
-0.00609679
-0.00616586
-0.00615195
-0.00616337
-0.00625028
-0.00632422
-0.00638165
-0.00646651
-0.00653887
-0.00658842
-0.00666714
-0.0067351
-0.0067599
-0.00681752
-0.00688828
-0.00691132
-0.00695491
-0.00703329
-0.00706275
-0.00708409
-0.00714839
-0.00718629
-0.00718439
-0.00722116
-0.0072833
-0.00730908
-0.0073193
-0.00735356
-0.00739718
-0.00742584
-0.00745347
-0.00748893
-0.00752999
-0.00756999
-0.00761221
-0.00765783
-0.00770498
-0.00775476
-0.00780484
-0.00785789
-0.00791186
-0.00796768
-0.00802623
-0.00808524
-0.00814833
-0.00821156
-0.00827781
-0.00834632
-0.00841451
-0.00848771
-0.00855865
-0.00863377
-0.0087099
-0.00878453
-0.00886559
-0.0089419
-0.00902255
-0.00910443
-0.00918169
-0.00926469
-0.00934275
-0.00941864
-0.00949745
0.000227407
0.000651866
0.00117319
0.00164511
0.0019581
0.00202181
0.00183298
0.0014985
0.0011134
0.000723385
0.000322688
-9.57082e-05
-0.000499093
-0.000887388
-0.00125176
-0.0015783
-0.00186469
-0.00210302
-0.00236673
-0.00275082
-0.00327122
-0.00380009
-0.00419276
-0.00454944
-0.00496617
-0.00537354
-0.0057582
-0.00611229
-0.00638547
-0.00650253
-0.00647748
-0.00650093
-0.00658246
-0.00655291
-0.0064106
-0.00621677
-0.00607121
-0.00608711
-0.00614803
-0.00613205
-0.00614252
-0.00623495
-0.00631686
-0.00637077
-0.00645013
-0.0065243
-0.00657259
-0.00664659
-0.00671579
-0.00674352
-0.00680039
-0.00687258
-0.00689876
-0.00694129
-0.00701861
-0.00705049
-0.00707203
-0.0071348
-0.00717544
-0.00717736
-0.00721347
-0.007274
-0.00730149
-0.0073141
-0.00734874
-0.0073923
-0.00742193
-0.00745073
-0.00748676
-0.00752812
-0.00756847
-0.00761098
-0.0076568
-0.0077041
-0.00775403
-0.00780427
-0.00785748
-0.00791158
-0.00796754
-0.00802617
-0.00808529
-0.00814842
-0.00821168
-0.00827791
-0.00834641
-0.00841456
-0.00848777
-0.00855868
-0.00863382
-0.00870992
-0.00878459
-0.00886562
-0.00894201
-0.00902263
-0.00910455
-0.00918183
-0.0092648
-0.00934289
-0.00941888
-0.00949817
4.2919e-05
0.000465833
0.00098918
0.00146238
0.00177806
0.00185764
0.00169
0.00137433
0.00101118
0.000637431
0.000248332
-0.000164917
-0.000565158
-0.000952273
-0.00131979
-0.0016303
-0.0019052
-0.0021462
-0.0023901
-0.00274737
-0.0032499
-0.00377063
-0.00415521
-0.00446788
-0.00484138
-0.00525115
-0.00563384
-0.00595995
-0.006223
-0.00636177
-0.00635955
-0.00639042
-0.00648535
-0.00648291
-0.00636361
-0.00619045
-0.00606113
-0.00607505
-0.00612888
-0.00611126
-0.00611875
-0.00621469
-0.0063058
-0.00635863
-0.00643396
-0.00651112
-0.00655681
-0.00662319
-0.0066937
-0.0067263
-0.00678259
-0.00685578
-0.0068856
-0.00692707
-0.00700275
-0.0070371
-0.00705928
-0.00712054
-0.0071638
-0.00716962
-0.00720512
-0.00726403
-0.00729334
-0.00730849
-0.00734359
-0.00738712
-0.00741776
-0.00744774
-0.00748436
-0.00752602
-0.00756672
-0.00760958
-0.00765564
-0.00770313
-0.00775324
-0.00780364
-0.00785701
-0.00791125
-0.00796736
-0.0080261
-0.00808531
-0.00814842
-0.00821178
-0.00827801
-0.00834652
-0.00841465
-0.00848785
-0.00855873
-0.00863391
-0.00870995
-0.00878468
-0.00886567
-0.00894211
-0.00902274
-0.00910467
-0.00918199
-0.0092649
-0.00934303
-0.00941913
-0.00949888
-0.000131782
0.000282694
0.000803502
0.00127881
0.00159774
0.00168253
0.00152938
0.00123052
0.000892612
0.000543976
0.000167317
-0.00024013
-0.000636433
-0.00101627
-0.00138338
-0.00168781
-0.00194553
-0.00217992
-0.00241255
-0.00274707
-0.00322775
-0.00373899
-0.00412254
-0.00439455
-0.00470724
-0.00511581
-0.00552275
-0.00582562
-0.00605556
-0.00620777
-0.00623779
-0.00628185
-0.00638652
-0.00640597
-0.00630935
-0.0061584
-0.00604595
-0.0060591
-0.0061081
-0.00609095
-0.00609473
-0.00619183
-0.00629241
-0.00634508
-0.00641529
-0.00649588
-0.00654048
-0.00659841
-0.00666998
-0.00670884
-0.0067644
-0.00683741
-0.00687099
-0.00691192
-0.00698589
-0.00702282
-0.00704579
-0.00710537
-0.00715123
-0.00716119
-0.00719619
-0.00725348
-0.00728472
-0.00730253
-0.00733806
-0.00738151
-0.00741318
-0.00744439
-0.00748164
-0.00752366
-0.0075648
-0.00760806
-0.00765438
-0.00770204
-0.00775234
-0.00780292
-0.00785648
-0.00791088
-0.00796714
-0.00802598
-0.0080853
-0.00814848
-0.00821187
-0.0082781
-0.00834662
-0.00841471
-0.00848792
-0.00855877
-0.00863395
-0.00870998
-0.00878475
-0.00886573
-0.00894222
-0.00902285
-0.00910479
-0.00918216
-0.00926501
-0.00934318
-0.0094194
-0.00949956
-0.000292138
0.000105488
0.000616111
0.00108908
0.00141426
0.00150277
0.00135616
0.00106857
0.000752893
0.000436841
8.13732e-05
-0.000317134
-0.000712582
-0.00108387
-0.001441
-0.00174551
-0.00198919
-0.00220827
-0.00243471
-0.00274848
-0.00320422
-0.00370745
-0.00408461
-0.00432407
-0.0045855
-0.00497439
-0.005405
-0.00570403
-0.0058925
-0.0060447
-0.00611447
-0.006176
-0.00628546
-0.00632106
-0.00624361
-0.00611624
-0.00602722
-0.00604405
-0.00608704
-0.0060701
-0.0060714
-0.00616656
-0.0062739
-0.00632721
-0.0063929
-0.00647921
-0.00652674
-0.00657501
-0.0066433
-0.00668814
-0.00674505
-0.00681838
-0.00685556
-0.00689593
-0.00696786
-0.00700722
-0.00703132
-0.00708946
-0.00713798
-0.00715216
-0.00718668
-0.00724232
-0.0072755
-0.00729601
-0.00733199
-0.00737539
-0.00740817
-0.00744072
-0.0074787
-0.00752112
-0.0075627
-0.00760633
-0.00765294
-0.00770082
-0.00775135
-0.00780212
-0.00785588
-0.00791044
-0.00796688
-0.00802585
-0.00808528
-0.0081485
-0.00821194
-0.00827818
-0.00834669
-0.00841479
-0.008488
-0.00855883
-0.00863403
-0.00871004
-0.00878483
-0.00886581
-0.00894232
-0.00902299
-0.0091049
-0.00918234
-0.00926513
-0.00934333
-0.00941967
-0.00950022
-0.000434754
-6.16951e-05
0.000429005
0.000891325
0.0012211
0.00131945
0.00117637
0.000893449
0.00059182
0.000308939
-1.0257e-05
-0.000392641
-0.000790359
-0.00115776
-0.00149837
-0.00179724
-0.00203485
-0.00223902
-0.00245626
-0.00274878
-0.00317799
-0.00367404
-0.00404032
-0.00425719
-0.00448741
-0.00483434
-0.00526263
-0.00558677
-0.00575224
-0.00588147
-0.00598117
-0.00606673
-0.00618029
-0.00623114
-0.00617269
-0.00606659
-0.00600328
-0.00602906
-0.00606466
-0.00604578
-0.00604703
-0.00613938
-0.00625103
-0.00630653
-0.00636883
-0.00646084
-0.0065132
-0.00655147
-0.00661372
-0.0066648
-0.00672534
-0.00679923
-0.00683891
-0.00687826
-0.00694839
-0.00699078
-0.00701642
-0.00707294
-0.00712383
-0.00714229
-0.00717642
-0.00723036
-0.00726553
-0.00728889
-0.00732543
-0.00736887
-0.00740286
-0.00743679
-0.00747544
-0.00751823
-0.00756029
-0.0076044
-0.00765135
-0.00769948
-0.00775024
-0.00780123
-0.0078552
-0.00790995
-0.00796657
-0.00802566
-0.0080852
-0.0081485
-0.008212
-0.00827826
-0.00834678
-0.00841487
-0.00848805
-0.00855887
-0.00863407
-0.00871008
-0.0087849
-0.00886589
-0.00894243
-0.00902314
-0.00910503
-0.00918252
-0.00926526
-0.00934348
-0.00941995
-0.00950086
-0.000556775
-0.000212404
0.000245293
0.000686906
0.00101273
0.00112578
0.000993216
0.000711451
0.000415593
0.00015788
-0.000114321
-0.000466707
-0.000865636
-0.00123517
-0.00156298
-0.00184568
-0.00207616
-0.00227311
-0.00247705
-0.00274881
-0.00315103
-0.00363486
-0.00399551
-0.00419715
-0.00440266
-0.00470025
-0.00510398
-0.00546728
-0.00563747
-0.00572486
-0.00583044
-0.0059512
-0.00607681
-0.00613979
-0.00610042
-0.00600988
-0.00596678
-0.00600846
-0.00604295
-0.00601956
-0.00602038
-0.00611248
-0.00622747
-0.00628314
-0.00634009
-0.00643735
-0.00649807
-0.00653015
-0.00658521
-0.00663923
-0.00670232
-0.00677814
-0.00682176
-0.00686007
-0.00692781
-0.0069733
-0.00700072
-0.00705543
-0.00710855
-0.0071315
-0.0071654
-0.00721764
-0.0072549
-0.0072813
-0.00731851
-0.00736195
-0.00739708
-0.00743236
-0.00747176
-0.00751505
-0.00755768
-0.00760227
-0.00764957
-0.00769797
-0.007749
-0.00780023
-0.00785443
-0.00790937
-0.00796618
-0.00802543
-0.0080851
-0.00814849
-0.00821203
-0.00827831
-0.00834683
-0.00841493
-0.00848811
-0.00855894
-0.00863414
-0.00871015
-0.00878498
-0.008866
-0.00894254
-0.0090233
-0.00910516
-0.00918271
-0.0092654
-0.00934363
-0.00942024
-0.00950147
-0.00065826
-0.000340047
7.20175e-05
0.000478965
0.000788711
0.000914027
0.000803022
0.000527199
0.000232889
-1.08221e-05
-0.000237231
-0.000543361
-0.00093659
-0.00131356
-0.00163649
-0.00189786
-0.0021094
-0.00230342
-0.00249807
-0.00275267
-0.00312821
-0.00358929
-0.00395203
-0.00414247
-0.00431598
-0.00457834
-0.00495349
-0.00533496
-0.00552829
-0.00558315
-0.00567277
-0.00582995
-0.00597801
-0.00604512
-0.0060217
-0.00594761
-0.00591919
-0.00597985
-0.00602329
-0.00599494
-0.00599065
-0.00608363
-0.00620267
-0.00625596
-0.0063059
-0.00641003
-0.00648266
-0.00651034
-0.00655685
-0.00661132
-0.00667574
-0.00675503
-0.00680499
-0.00684208
-0.0069055
-0.00695382
-0.00698413
-0.00703721
-0.00709217
-0.00711973
-0.00715374
-0.00720433
-0.00724369
-0.00727318
-0.00731099
-0.00735436
-0.00739072
-0.00742754
-0.0074678
-0.00751158
-0.00755477
-0.00759989
-0.00764759
-0.0076963
-0.00774761
-0.00779911
-0.00785356
-0.00790873
-0.00796574
-0.00802515
-0.00808494
-0.00814842
-0.00821202
-0.00827835
-0.00834689
-0.00841499
-0.00848816
-0.00855899
-0.00863417
-0.00871021
-0.00878505
-0.00886609
-0.00894266
-0.00902346
-0.0091053
-0.00918289
-0.00926556
-0.00934379
-0.00942054
-0.00950206
-0.000745053
-0.000443654
-8.17134e-05
0.000273904
0.000553051
0.000680091
0.000596502
0.00033989
4.9847e-05
-0.000185658
-0.000378364
-0.000631589
-0.00100364
-0.00138914
-0.00171369
-0.00195919
-0.00214169
-0.00232305
-0.00251733
-0.00276305
-0.00311229
-0.0035416
-0.00390578
-0.00408973
-0.00422602
-0.00446942
-0.00482359
-0.00519063
-0.00540851
-0.00546269
-0.00552529
-0.00569682
-0.00587603
-0.00594879
-0.00593479
-0.00588314
-0.00586862
-0.00594167
-0.00599906
-0.00597174
-0.00595849
-0.00604939
-0.00617634
-0.00622987
-0.00626946
-0.00637703
-0.00646356
-0.00648989
-0.00652941
-0.00658441
-0.00664726
-0.00672756
-0.00678644
-0.00682485
-0.00688231
-0.00693205
-0.00696636
-0.00701853
-0.00707487
-0.00710704
-0.00714153
-0.00719042
-0.00723159
-0.00726417
-0.00730278
-0.0073463
-0.00738399
-0.00742235
-0.00746342
-0.00750772
-0.00755154
-0.00759724
-0.00764537
-0.00769442
-0.00774607
-0.00779787
-0.00785258
-0.00790798
-0.0079652
-0.00802479
-0.00808473
-0.00814833
-0.00821199
-0.00827836
-0.00834691
-0.00841503
-0.0084882
-0.00855904
-0.00863423
-0.00871028
-0.00878514
-0.0088662
-0.00894279
-0.00902363
-0.00910545
-0.00918309
-0.00926573
-0.00934395
-0.00942083
-0.00950262
-0.000825194
-0.000528874
-0.000209735
8.24113e-05
0.000313329
0.000425855
0.0003666
0.00014284
-0.000133652
-0.000359011
-0.000530452
-0.000735514
-0.00106738
-0.00145787
-0.00179185
-0.00203149
-0.00218533
-0.00233504
-0.00252831
-0.00277392
-0.00310202
-0.0035012
-0.00385578
-0.00403567
-0.00414146
-0.00436679
-0.0047076
-0.00504935
-0.00528016
-0.00535519
-0.0053917
-0.00555047
-0.00576515
-0.00586007
-0.00584587
-0.00581149
-0.00581567
-0.00589514
-0.00596496
-0.00594717
-0.00592717
-0.00601234
-0.00614803
-0.00620492
-0.00623037
-0.00633628
-0.00644023
-0.00647035
-0.00650254
-0.00655779
-0.00661798
-0.00669569
-0.00676428
-0.00680837
-0.00685982
-0.00690823
-0.00694677
-0.00699945
-0.00705701
-0.00709331
-0.00712835
-0.00717553
-0.00721851
-0.00725449
-0.00729421
-0.00733781
-0.00737668
-0.00741657
-0.00745857
-0.00750347
-0.00754796
-0.0075943
-0.00764291
-0.00769236
-0.00774434
-0.00779646
-0.00785145
-0.00790714
-0.00796458
-0.00802438
-0.00808445
-0.00814818
-0.0082119
-0.00827835
-0.00834692
-0.00841507
-0.00848823
-0.00855909
-0.00863427
-0.00871034
-0.00878522
-0.0088663
-0.00894292
-0.0090238
-0.00910561
-0.00918328
-0.00926592
-0.00934413
-0.00942113
-0.00950316
-0.000902754
-0.000604931
-0.00031465
-8.49582e-05
8.18948e-05
0.000161121
0.00011308
-7.3872e-05
-0.000324424
-0.000530604
-0.000681966
-0.000849314
-0.00113292
-0.00151795
-0.00186858
-0.00211312
-0.00224643
-0.0023504
-0.00252599
-0.00277562
-0.00309563
-0.00347354
-0.00380582
-0.00398142
-0.0040696
-0.00426269
-0.00459144
-0.00492493
-0.00515541
-0.0052445
-0.00526704
-0.00540312
-0.00564698
-0.00578009
-0.00576027
-0.00572589
-0.00575421
-0.00584685
-0.00592535
-0.00591806
-0.00589621
-0.00597451
-0.00611476
-0.0061774
-0.00619232
-0.00629219
-0.0064113
-0.00644893
-0.00647456
-0.00653111
-0.00659078
-0.00666156
-0.00673602
-0.00679048
-0.00683965
-0.00688399
-0.00692469
-0.00697909
-0.00703843
-0.00707832
-0.00711406
-0.00716
-0.00720493
-0.00724425
-0.00728498
-0.00732861
-0.00736872
-0.00741028
-0.00745328
-0.00749884
-0.00754405
-0.00759107
-0.00764018
-0.00769005
-0.00774241
-0.00779491
-0.00785021
-0.00790618
-0.00796385
-0.00802386
-0.0080841
-0.00814797
-0.00821178
-0.00827829
-0.00834689
-0.00841508
-0.00848824
-0.00855912
-0.00863432
-0.0087104
-0.00878532
-0.00886641
-0.00894306
-0.00902398
-0.00910576
-0.00918348
-0.00926611
-0.00934431
-0.00942143
-0.00950367
-0.000982375
-0.000681097
-0.000405085
-0.000223024
-0.000124009
-9.74647e-05
-0.000156949
-0.000316442
-0.000529141
-0.00070549
-0.000830917
-0.00096616
-0.00120362
-0.00156798
-0.00193827
-0.00219948
-0.00232327
-0.00238375
-0.00251788
-0.00276163
-0.00308532
-0.00345246
-0.00376525
-0.00393551
-0.00400825
-0.00415567
-0.0044689
-0.00481776
-0.00504445
-0.0051291
-0.00515022
-0.0052659
-0.00551892
-0.00569612
-0.00568301
-0.0056346
-0.0056797
-0.0057964
-0.00588647
-0.00588384
-0.0058581
-0.00593363
-0.00608048
-0.006149
-0.00615553
-0.00624565
-0.00637493
-0.00642405
-0.00644691
-0.00650388
-0.00656479
-0.00662747
-0.0067025
-0.00676862
-0.00682104
-0.00686099
-0.00690031
-0.00695606
-0.00701875
-0.00706297
-0.00709943
-0.0071439
-0.00719037
-0.00723296
-0.007275
-0.00731887
-0.00736024
-0.00740347
-0.00744754
-0.00749378
-0.00753972
-0.00758746
-0.00763714
-0.0076875
-0.00774028
-0.00779316
-0.00784878
-0.00790507
-0.007963
-0.00802326
-0.00808367
-0.00814769
-0.0082116
-0.00827819
-0.00834684
-0.00841506
-0.00848824
-0.00855914
-0.00863436
-0.00871045
-0.00878541
-0.00886652
-0.00894319
-0.00902417
-0.00910592
-0.00918368
-0.00926632
-0.0093445
-0.00942173
-0.00950416
-0.00107501
-0.000769108
-0.00049391
-0.000336333
-0.000291107
-0.000328444
-0.000426175
-0.000576437
-0.000752725
-0.000893772
-0.000984237
-0.0010819
-0.00127631
-0.00160964
-0.00199356
-0.00228355
-0.00241379
-0.00244354
-0.00251874
-0.00273325
-0.00306181
-0.00342968
-0.0037384
-0.00390176
-0.00395289
-0.00405673
-0.00434368
-0.00470988
-0.00494614
-0.00502372
-0.00504387
-0.00513639
-0.00537666
-0.00560027
-0.00562096
-0.00555348
-0.00559053
-0.00573171
-0.00584747
-0.00585036
-0.00581375
-0.00588727
-0.00604685
-0.00612065
-0.00611615
-0.0061972
-0.00633502
-0.00639557
-0.0064176
-0.00647457
-0.006539
-0.00659613
-0.00666649
-0.00674022
-0.00680096
-0.00684061
-0.00687573
-0.00693022
-0.00699752
-0.0070476
-0.00708446
-0.00712657
-0.00717446
-0.00722085
-0.00726458
-0.00730867
-0.00735114
-0.00739604
-0.00744124
-0.00748823
-0.00753496
-0.0075835
-0.00763379
-0.00768467
-0.00773789
-0.00779122
-0.00784719
-0.00790383
-0.00796203
-0.00802254
-0.00808315
-0.00814733
-0.00821137
-0.00827804
-0.00834675
-0.008415
-0.00848822
-0.00855913
-0.0086344
-0.00871049
-0.0087855
-0.00886663
-0.00894332
-0.00902436
-0.00910609
-0.00918388
-0.00926654
-0.0093447
-0.00942202
-0.00950463
-0.00119579
-0.000887616
-0.000600101
-0.000437735
-0.000420087
-0.000511567
-0.000664103
-0.000833382
-0.000992695
-0.00110311
-0.00115266
-0.00120317
-0.00135009
-0.00164594
-0.00202958
-0.00235364
-0.00251075
-0.00252824
-0.00254547
-0.00270538
-0.00302047
-0.0033941
-0.0037138
-0.00387981
-0.00391308
-0.00397966
-0.00421901
-0.00458225
-0.00485582
-0.00494327
-0.00494866
-0.00501091
-0.00522739
-0.00549264
-0.00556744
-0.00548792
-0.00549417
-0.00564572
-0.00580066
-0.0058271
-0.00577317
-0.00582691
-0.00600398
-0.00609719
-0.00607927
-0.00614497
-0.00629199
-0.00636413
-0.00638511
-0.00644332
-0.00651296
-0.00656686
-0.00663054
-0.00670655
-0.0067762
-0.00682153
-0.00685387
-0.00690297
-0.0069728
-0.00703067
-0.00706952
-0.00710883
-0.00715751
-0.0072079
-0.00725365
-0.00729788
-0.0073413
-0.00738793
-0.00743442
-0.00748227
-0.0075298
-0.00757915
-0.00763009
-0.00768155
-0.00773526
-0.00778905
-0.00784541
-0.0079024
-0.00796092
-0.00802169
-0.00808254
-0.00814687
-0.00821106
-0.00827781
-0.00834661
-0.00841491
-0.00848818
-0.00855912
-0.00863441
-0.00871053
-0.00878558
-0.00886675
-0.00894345
-0.00902455
-0.00910626
-0.00918408
-0.00926677
-0.0093449
-0.00942231
-0.00950507
-0.0013494
-0.00105284
-0.000749367
-0.000555204
-0.000525937
-0.000642373
-0.000843155
-0.00105642
-0.0012308
-0.0013295
-0.00134597
-0.0013444
-0.00143188
-0.00167936
-0.00204444
-0.00239741
-0.00260246
-0.00263126
-0.00260798
-0.00269666
-0.00296518
-0.00333819
-0.00367861
-0.00386794
-0.00389931
-0.00392481
-0.00410133
-0.0044402
-0.00476086
-0.00487934
-0.00486718
-0.00490102
-0.00508479
-0.00536561
-0.00550474
-0.00543972
-0.00540868
-0.00554647
-0.00573476
-0.00580513
-0.00574441
-0.00575844
-0.00594451
-0.00607739
-0.00605157
-0.0060871
-0.00624219
-0.00633324
-0.00635113
-0.00640781
-0.00648522
-0.0065388
-0.00659638
-0.00667064
-0.00674558
-0.00680073
-0.00683545
-0.00687633
-0.00694395
-0.007011
-0.00705547
-0.00709182
-0.00713926
-0.00719338
-0.00724202
-0.00728668
-0.00733084
-0.00737919
-0.00742708
-0.00747582
-0.00752414
-0.00757437
-0.00762603
-0.00767812
-0.00773234
-0.00778664
-0.00784343
-0.0079008
-0.00795966
-0.0080207
-0.0080818
-0.0081463
-0.00821068
-0.00827752
-0.00834642
-0.00841478
-0.00848809
-0.00855908
-0.00863441
-0.00871057
-0.00878564
-0.00886686
-0.00894357
-0.00902473
-0.00910644
-0.00918427
-0.00926701
-0.00934512
-0.00942259
-0.00950549
-0.00151077
-0.00125901
-0.000954373
-0.000721997
-0.000644978
-0.000738422
-0.000957289
-0.00121653
-0.00143358
-0.00155333
-0.00156075
-0.00151844
-0.00153827
-0.00171664
-0.00204445
-0.0024105
-0.0026708
-0.00273995
-0.00270194
-0.00272108
-0.00291569
-0.0032666
-0.00362428
-0.0038524
-0.00390341
-0.00389255
-0.00400761
-0.00430111
-0.00464135
-0.00481409
-0.00481034
-0.00481745
-0.00495424
-0.00521804
-0.00542253
-0.00540643
-0.00534578
-0.00544458
-0.00564228
-0.00576853
-0.00573434
-0.0057004
-0.00586304
-0.00604605
-0.00603781
-0.00603221
-0.00618148
-0.00630129
-0.00631918
-0.00636714
-0.0064542
-0.00651188
-0.00656365
-0.00663522
-0.00671141
-0.00677446
-0.00681757
-0.00685352
-0.00691368
-0.00698712
-0.00704076
-0.0070759
-0.00712007
-0.00717702
-0.00722968
-0.00727536
-0.00731986
-0.00736968
-0.00741911
-0.00746889
-0.00751805
-0.00756917
-0.0076216
-0.00767435
-0.00772915
-0.00778397
-0.00784123
-0.00789899
-0.00795823
-0.00801954
-0.00808094
-0.00814563
-0.00821019
-0.00827716
-0.00834616
-0.00841461
-0.00848797
-0.00855902
-0.00863438
-0.00871059
-0.0087857
-0.00886696
-0.00894369
-0.0090249
-0.00910662
-0.00918446
-0.00926725
-0.00934534
-0.00942286
-0.00950588
-0.00162387
-0.00145652
-0.0011957
-0.000948793
-0.000815165
-0.000845472
-0.00103165
-0.0013088
-0.00157216
-0.00174188
-0.00177884
-0.00172333
-0.00168404
-0.00177679
-0.00204329
-0.0023971
-0.0027001
-0.00283312
-0.00281212
-0.00278586
-0.00289793
-0.00319148
-0.00354802
-0.0038156
-0.0039095
-0.00388922
-0.00394872
-0.00417695
-0.00450008
-0.00473532
-0.00477237
-0.00475561
-0.00484333
-0.00507013
-0.00531666
-0.00537071
-0.00530307
-0.00535466
-0.00553772
-0.00570691
-0.00572705
-0.00566566
-0.00577242
-0.00598929
-0.00603119
-0.00599271
-0.00611116
-0.00626057
-0.00629262
-0.00632517
-0.00641684
-0.0064851
-0.0065326
-0.00660057
-0.00667621
-0.00674262
-0.00679697
-0.00683515
-0.00688511
-0.00695836
-0.00702299
-0.00706154
-0.00710163
-0.00715907
-0.00721611
-0.00726379
-0.00730843
-0.00735935
-0.00741049
-0.0074615
-0.00751152
-0.00756352
-0.00761678
-0.00767025
-0.00772568
-0.00778103
-0.0078388
-0.00789698
-0.00795662
-0.00801824
-0.00807994
-0.00814484
-0.00820959
-0.00827672
-0.00834582
-0.00841439
-0.00848778
-0.00855892
-0.00863432
-0.00871058
-0.00878574
-0.00886704
-0.00894381
-0.00902506
-0.0091068
-0.00918465
-0.00926748
-0.00934557
-0.00942312
-0.00950625
-0.00166568
-0.00159248
-0.00141668
-0.00120683
-0.00104315
-0.00100433
-0.00111931
-0.00136133
-0.00164446
-0.00186791
-0.00196541
-0.00193646
-0.00186681
-0.00188082
-0.00206198
-0.00237123
-0.00269013
-0.00288984
-0.00291932
-0.00288188
-0.00292309
-0.00313305
-0.00346076
-0.00375255
-0.00390139
-0.00390739
-0.00392231
-0.00407937
-0.00436135
-0.00463201
-0.0047285
-0.00471346
-0.00476476
-0.00494084
-0.00518654
-0.00531309
-0.00527612
-0.00528905
-0.00543577
-0.00561806
-0.00570186
-0.00565578
-0.00569585
-0.00590444
-0.00601336
-0.00597448
-0.00604298
-0.00620469
-0.00626777
-0.00628794
-0.00637295
-0.00645567
-0.00650352
-0.00656584
-0.00664196
-0.00670893
-0.00677093
-0.00681752
-0.00686093
-0.00692756
-0.00700076
-0.00704756
-0.0070849
-0.00713989
-0.00720063
-0.00725176
-0.00729692
-0.00734844
-0.00740117
-0.0074536
-0.00750454
-0.00755739
-0.00761153
-0.00766577
-0.00772186
-0.0077778
-0.00783613
-0.00789476
-0.00795484
-0.00801679
-0.0080788
-0.00814394
-0.00820889
-0.0082762
-0.00834539
-0.0084141
-0.00848755
-0.00855877
-0.00863423
-0.00871053
-0.00878576
-0.00886709
-0.00894391
-0.0090252
-0.00910697
-0.00918483
-0.0092677
-0.0093458
-0.00942336
-0.00950658
-0.00165307
-0.00165338
-0.00157314
-0.00143974
-0.00129865
-0.00121896
-0.00125761
-0.00142642
-0.00168061
-0.00193071
-0.00209072
-0.00212059
-0.00206508
-0.00203015
-0.00212144
-0.00235808
-0.00265795
-0.00290197
-0.002999
-0.00298565
-0.00298654
-0.0031136
-0.00338128
-0.00367195
-0.00386783
-0.00392226
-0.00392124
-0.0040199
-0.00424454
-0.00450862
-0.00466608
-0.00468612
-0.0047123
-0.0048364
-0.00505214
-0.00523054
-0.00525019
-0.00524364
-0.00534823
-0.00551933
-0.00564888
-0.00565122
-0.00564817
-0.00580871
-0.0059688
-0.00596773
-0.00599094
-0.00613634
-0.00623574
-0.00625905
-0.00632727
-0.00641981
-0.00647578
-0.00653231
-0.00660828
-0.00667582
-0.0067401
-0.00679684
-0.00684124
-0.00689869
-0.00697403
-0.00703127
-0.00706994
-0.00712105
-0.00718352
-0.00723897
-0.0072855
-0.00733715
-0.00739114
-0.00744517
-0.00749716
-0.00755083
-0.00760585
-0.0076609
-0.00771771
-0.00777424
-0.00783315
-0.00789225
-0.00795279
-0.00801512
-0.00807747
-0.00814291
-0.00820807
-0.0082756
-0.00834491
-0.00841378
-0.00848731
-0.00855861
-0.00863416
-0.00871049
-0.0087858
-0.00886716
-0.00894401
-0.00902535
-0.00910714
-0.00918502
-0.00926792
-0.00934602
-0.00942361
-0.00950689
-0.00163135
-0.00166337
-0.00165797
-0.00161009
-0.00153074
-0.00145785
-0.00144613
-0.00153699
-0.00172651
-0.00195881
-0.00215442
-0.00224857
-0.002242
-0.00220159
-0.0022271
-0.00238132
-0.00262968
-0.00288142
-0.00303623
-0.00307247
-0.00307116
-0.0031373
-0.00332998
-0.00359095
-0.00380891
-0.00391561
-0.00393585
-0.00399459
-0.00415792
-0.0043894
-0.00458289
-0.00465151
-0.00467567
-0.00476399
-0.00493637
-0.00512689
-0.00520661
-0.00521197
-0.00528302
-0.0054267
-0.00557236
-0.00563098
-0.00562578
-0.00572598
-0.00589835
-0.0059537
-0.00595955
-0.00606832
-0.00619074
-0.00623395
-0.0062858
-0.00637801
-0.00644723
-0.00650112
-0.0065739
-0.00664374
-0.00670812
-0.00677159
-0.0068227
-0.00687385
-0.00694526
-0.00701129
-0.0070558
-0.0071038
-0.00716535
-0.00722481
-0.00727392
-0.00732583
-0.00738064
-0.0074363
-0.00748953
-0.00754402
-0.00759988
-0.00765575
-0.00771329
-0.00777042
-0.0078299
-0.0078895
-0.00795049
-0.0080132
-0.00807587
-0.00814162
-0.00820698
-0.00827476
-0.00834421
-0.00841323
-0.00848688
-0.00855827
-0.00863393
-0.00871031
-0.00878571
-0.00886714
-0.00894403
-0.00902544
-0.00910725
-0.00918516
-0.0092681
-0.00934622
-0.00942382
-0.00950716
-0.00163684
-0.00166872
-0.00169985
-0.00171696
-0.00170581
-0.00167298
-0.00165331
-0.00169013
-0.00180933
-0.00199151
-0.00218263
-0.00232038
-0.00237059
-0.00236039
-0.00236117
-0.00244688
-0.00262878
-0.00285301
-0.0030375
-0.00312674
-0.00315099
-0.00319012
-0.00331677
-0.00352669
-0.00374045
-0.00388584
-0.00394469
-0.00398978
-0.00410509
-0.00429269
-0.00448769
-0.00460157
-0.00464758
-0.0047154
-0.00484602
-0.00502066
-0.00514401
-0.00518204
-0.00523468
-0.00534958
-0.00548944
-0.00558724
-0.00561057
-0.00566965
-0.00581838
-0.00591884
-0.00593997
-0.00601344
-0.00613543
-0.00620461
-0.00625208
-0.0063352
-0.00641477
-0.00647167
-0.00654019
-0.00661238
-0.00667735
-0.00674287
-0.00680188
-0.00685261
-0.00691777
-0.00698788
-0.00704034
-0.00708787
-0.00714697
-0.00720925
-0.00726192
-0.00731457
-0.00736981
-0.00742697
-0.00748165
-0.00753705
-0.00759374
-0.00765048
-0.00770883
-0.00776662
-0.00782671
-0.00788685
-0.00794831
-0.00801144
-0.00807444
-0.00814051
-0.00820609
-0.00827409
-0.00834369
-0.00841284
-0.00848662
-0.00855806
-0.00863384
-0.00871025
-0.00878572
-0.0088672
-0.00894411
-0.00902558
-0.00910741
-0.00918533
-0.00926831
-0.00934643
-0.00942404
-0.00950742
-0.00167564
-0.00169874
-0.00173896
-0.00178717
-0.00182445
-0.00183829
-0.00183968
-0.00185802
-0.00192528
-0.00205098
-0.00221027
-0.00235731
-0.00244962
-0.00248225
-0.00249271
-0.0025406
-0.00266272
-0.00284159
-0.00302307
-0.00314803
-0.00320825
-0.00324992
-0.00333467
-0.00349165
-0.00368083
-0.00384082
-0.00393546
-0.00399165
-0.00407924
-0.00422491
-0.00439952
-0.00453872
-0.0046142
-0.00467932
-0.00478273
-0.0049299
-0.00506842
-0.00514266
-0.00519697
-0.0052901
-0.00541386
-0.00552801
-0.00558691
-0.00563403
-0.00574759
-0.00586693
-0.00591866
-0.00597392
-0.00607992
-0.00616838
-0.00622319
-0.00629543
-0.00637888
-0.00644337
-0.00650903
-0.00658121
-0.00664804
-0.00671365
-0.0067786
-0.00683309
-0.006893
-0.0069626
-0.00702264
-0.00707285
-0.00712929
-0.0071924
-0.00724864
-0.00730275
-0.0073582
-0.00741648
-0.00747267
-0.00752908
-0.00758659
-0.00764418
-0.00770335
-0.00776184
-0.00782256
-0.00788327
-0.00794523
-0.00800885
-0.00807223
-0.00813868
-0.00820456
-0.00827283
-0.00834267
-0.008412
-0.00848597
-0.00855753
-0.00863345
-0.00870996
-0.00878551
-0.00886711
-0.00894405
-0.0090256
-0.00910748
-0.00918542
-0.00926845
-0.00934659
-0.0094242
-0.00950762
-0.00173341
-0.00175254
-0.00179127
-0.00184796
-0.00190851
-0.00195601
-0.00198482
-0.00200874
-0.00205245
-0.00213553
-0.00225539
-0.00238705
-0.00249673
-0.00256413
-0.00259929
-0.00263931
-0.00272234
-0.00285603
-0.00301342
-0.00315034
-0.00324034
-0.00329918
-0.00336867
-0.00348458
-0.00363996
-0.00379469
-0.00391171
-0.00398915
-0.0040679
-0.00418218
-0.00432961
-0.00447292
-0.00457325
-0.00464831
-0.00473778
-0.00485911
-0.00499376
-0.00509409
-0.00516165
-0.0052433
-0.00535134
-0.00546588
-0.00555057
-0.00560694
-0.00569405
-0.00580966
-0.00588869
-0.00594486
-0.00603239
-0.00612702
-0.00619467
-0.00626172
-0.00634335
-0.0064151
-0.00648106
-0.00655209
-0.00662146
-0.00668712
-0.00675469
-0.00681469
-0.00687314
-0.0069398
-0.00700455
-0.00705959
-0.00711486
-0.00717726
-0.00723632
-0.00729265
-0.00734847
-0.00740741
-0.00746495
-0.00752244
-0.00758069
-0.00763902
-0.00769893
-0.00775805
-0.00781932
-0.00788053
-0.00794292
-0.00800692
-0.00807062
-0.00813736
-0.00820347
-0.00827194
-0.00834197
-0.00841142
-0.00848554
-0.00855718
-0.0086332
-0.0087098
-0.00878539
-0.00886708
-0.00894405
-0.00902566
-0.00910759
-0.00918554
-0.0092686
-0.00934676
-0.00942437
-0.00950782
-0.00179408
-0.00181734
-0.00185499
-0.0019102
-0.00197557
-0.00203825
-0.00208856
-0.00212765
-0.00216849
-0.0022285
-0.00231618
-0.00242384
-0.00253068
-0.00261631
-0.00267596
-0.00272494
-0.00279074
-0.0028907
-0.00301852
-0.00314859
-0.00325439
-0.0033325
-0.00340336
-0.00349586
-0.00362048
-0.00375867
-0.00388271
-0.00397799
-0.00406009
-0.0041581
-0.00428143
-0.00441427
-0.00452751
-0.00461608
-0.00470283
-0.00480736
-0.00492863
-0.00503931
-0.00512335
-0.00520416
-0.00530007
-0.00540707
-0.00550438
-0.00557695
-0.00565317
-0.00575527
-0.0058484
-0.00591577
-0.00599226
-0.00608344
-0.00616177
-0.0062299
-0.00630727
-0.0063832
-0.00645233
-0.00652226
-0.0065932
-0.00665977
-0.00672781
-0.00679233
-0.00685271
-0.00691653
-0.0069826
-0.00704268
-0.00709912
-0.0071605
-0.00722119
-0.00728009
-0.00733692
-0.00739644
-0.00745519
-0.00751392
-0.00757308
-0.00763223
-0.007693
-0.00775292
-0.00781487
-0.00787671
-0.00793966
-0.00800417
-0.0080683
-0.00813543
-0.00820188
-0.00827063
-0.00834091
-0.00841055
-0.00848486
-0.00855665
-0.00863279
-0.00870952
-0.00878518
-0.00886697
-0.00894399
-0.00902565
-0.00910764
-0.00918561
-0.0092687
-0.00934688
-0.00942448
-0.00950795
-0.00186287
-0.00189274
-0.00192909
-0.00197785
-0.00203834
-0.00210369
-0.00216504
-0.00221795
-0.00226599
-0.00231915
-0.00238711
-0.00247194
-0.0025658
-0.00265532
-0.00273093
-0.00279443
-0.00285911
-0.00294003
-0.00304187
-0.00315548
-0.00326369
-0.00335584
-0.00343627
-0.00352092
-0.00362335
-0.00374149
-0.00386079
-0.00396654
-0.00405829
-0.00415097
-0.00425659
-0.00437463
-0.00448977
-0.00458947
-0.00468049
-0.00477667
-0.0048843
-0.00499433
-0.00509029
-0.00517628
-0.00526653
-0.00536531
-0.00546439
-0.00555006
-0.00562792
-0.005718
-0.00581246
-0.00589167
-0.00596671
-0.00605108
-0.00613366
-0.00620642
-0.00628131
-0.00635775
-0.00643009
-0.00649999
-0.00657145
-0.00663942
-0.00670741
-0.00677403
-0.00683724
-0.00689997
-0.00696524
-0.00702831
-0.00708686
-0.00714764
-0.00720865
-0.00726938
-0.0073274
-0.00738741
-0.00744695
-0.00750664
-0.0075665
-0.00762622
-0.00768758
-0.00774808
-0.00781054
-0.00787285
-0.00793623
-0.00800116
-0.00806565
-0.00813312
-0.00819988
-0.0082689
-0.00833944
-0.0084093
-0.00848382
-0.00855579
-0.00863208
-0.00870896
-0.00878474
-0.00886664
-0.00894377
-0.0090255
-0.00910758
-0.00918559
-0.00926872
-0.00934694
-0.00942455
-0.00950803
-0.00189848
-0.00194078
-0.00198498
-0.00203411
-0.00208985
-0.00215094
-0.00221345
-0.00227337
-0.00232951
-0.00238491
-0.00244525
-0.00251501
-0.00259412
-0.0026774
-0.00275799
-0.00283238
-0.00290336
-0.00297855
-0.00306435
-0.00316104
-0.00326181
-0.00335819
-0.00344712
-0.00353332
-0.00362545
-0.00372798
-0.00383683
-0.00394345
-0.00404211
-0.00413654
-0.00423472
-0.00434086
-0.00445037
-0.00455461
-0.00465139
-0.00474658
-0.00484629
-0.00495075
-0.00505108
-0.00514374
-0.00523425
-0.00532778
-0.00542376
-0.0055158
-0.00559988
-0.00568499
-0.00577554
-0.00586121
-0.00593991
-0.00602045
-0.00610325
-0.00618049
-0.00625584
-0.00633169
-0.00640625
-0.00647734
-0.00654899
-0.00661838
-0.00668731
-0.00675518
-0.0068212
-0.00688508
-0.00694986
-0.00701458
-0.00707579
-0.00713728
-0.00719842
-0.0072605
-0.00731992
-0.00738055
-0.00744064
-0.00750115
-0.00756176
-0.00762207
-0.00768399
-0.00774505
-0.00780798
-0.00787072
-0.00793447
-0.00799972
-0.0080645
-0.0081322
-0.00819917
-0.00826834
-0.00833902
-0.00840899
-0.00848359
-0.00855564
-0.00863198
-0.00870892
-0.00878473
-0.00886666
-0.00894383
-0.00902556
-0.00910767
-0.00918568
-0.00926881
-0.00934704
-0.00942464
-0.00950813
-0.00194708
-0.00199742
-0.00205
-0.00210409
-0.00216018
-0.00221866
-0.0022789
-0.00233936
-0.00239872
-0.00245721
-0.00251699
-0.00258105
-0.00265123
-0.00272685
-0.0028049
-0.00288215
-0.00295743
-0.00303293
-0.00311244
-0.00319852
-0.0032901
-0.00338326
-0.00347423
-0.0035626
-0.00365166
-0.00374542
-0.00384452
-0.003946
-0.00404535
-0.00414147
-0.00423707
-0.0043359
-0.00443842
-0.00454097
-0.00463957
-0.00473524
-0.00483142
-0.00493068
-0.00503001
-0.00512526
-0.00521676
-0.00530868
-0.00540252
-0.00549498
-0.00558174
-0.00566594
-0.00575258
-0.00583817
-0.00591898
-0.00599803
-0.00607883
-0.00615731
-0.0062335
-0.00630844
-0.00638342
-0.00645554
-0.00652741
-0.00659753
-0.00666711
-0.00673507
-0.00680219
-0.00686728
-0.00693178
-0.00699655
-0.00705927
-0.00712185
-0.00718318
-0.00724592
-0.00730657
-0.00736815
-0.00742898
-0.00749043
-0.00755206
-0.00761325
-0.00767597
-0.00773779
-0.00780145
-0.00786485
-0.00792922
-0.00799504
-0.00806035
-0.00812853
-0.00819595
-0.00826553
-0.00833659
-0.0084069
-0.00848181
-0.00855414
-0.00863072
-0.00870789
-0.0087839
-0.00886601
-0.00894333
-0.00902519
-0.00910741
-0.00918551
-0.0092687
-0.00934697
-0.00942459
-0.0095081
)
;

boundaryField
{
    zeroGradientPlanes
    {
        type            zeroGradient;
    }
    inlet
    {
        type            zeroGradient;
    }
    plate
    {
        type            zeroGradient;
    }
    frontAndBack
    {
        type            empty;
    }
}


// ************************************************************************* //
