/*--------------------------------*- C++ -*----------------------------------*\
  =========                 |
  \\      /  F ield         | OpenFOAM: The Open Source CFD Toolbox
   \\    /   O peration     | Website:  https://openfoam.org
    \\  /    A nd           | Version:  10
     \\/     M anipulation  |
\*---------------------------------------------------------------------------*/
FoamFile
{
    format      ascii;
    class       volScalarField;
    location    "0.5";
    object      p;
}
// * * * * * * * * * * * * * * * * * * * * * * * * * * * * * * * * * * * * * //

dimensions      [0 2 -2 0 0 0 0];

internalField   nonuniform List<scalar> 
4800
(
-6.2287e-11
3.12305e-05
7.44196e-05
0.000202414
0.000208029
0.000224714
0.000261969
0.000329022
0.000343412
0.000324653
0.000324722
0.000376321
0.000399603
0.000391397
0.000451078
0.000640611
0.00100627
0.00152462
0.00204386
0.00263308
4.94117e-06
2.5927e-05
7.62641e-05
0.000190098
0.000211759
0.000219831
0.000271934
0.000322887
0.000351844
0.000321997
0.000335716
0.00037888
0.000408661
0.000393697
0.000454503
0.000631558
0.000978897
0.00141368
0.00183136
0.00227955
6.08533e-06
2.29681e-05
7.67586e-05
0.000190871
0.000211615
0.000218273
0.000274044
0.000321452
0.000356151
0.000323637
0.000340577
0.000383999
0.000413477
0.000397064
0.000449931
0.000614126
0.000912179
0.0012753
0.00163079
0.00201755
1.12149e-05
1.70102e-05
7.75132e-05
0.000179409
0.000211858
0.00021765
0.000275268
0.00032358
0.000355667
0.000331458
0.00033737
0.000395641
0.000416762
0.000398537
0.00044023
0.0005761
0.000825739
0.00112877
0.0014383
0.00178554
1.28234e-05
1.27988e-05
7.71832e-05
0.000173161
0.000210427
0.000218677
0.000274446
0.000328195
0.000354105
0.000345653
0.000339741
0.00040268
0.000424455
0.000394317
0.000416563
0.000511774
0.000720796
0.000984134
0.00124965
0.00155726
1.6736e-05
8.85696e-06
7.52397e-05
0.000167275
0.000206395
0.000222491
0.00027164
0.000334876
0.000355347
0.000351961
0.00036284
0.000406621
0.000426469
0.000380198
0.00037139
0.000433685
0.000609648
0.000840936
0.00106155
0.00132998
1.84317e-05
5.98785e-06
7.16875e-05
0.00016256
0.000200514
0.000226885
0.000270329
0.000338331
0.000362654
0.000351836
0.000373263
0.000413455
0.000418927
0.000352018
0.000313851
0.000348938
0.000493846
0.000693426
0.00087328
0.00110388
1.98452e-05
5.26902e-06
6.62245e-05
0.000158307
0.000193683
0.000229082
0.000274037
0.000337751
0.000372271
0.000359544
0.00037773
0.000420345
0.000403405
0.000306427
0.000246052
0.000260546
0.000373699
0.000539521
0.00068553
0.000880703
1.93304e-05
6.86657e-06
5.95674e-05
0.000153147
0.000189457
0.00022728
0.000282114
0.000338037
0.000378524
0.000373125
0.000368672
0.000410843
0.000378048
0.000253637
0.000171132
0.000168826
0.000250268
0.000379822
0.000496592
0.000660128
1.72379e-05
1.09886e-05
5.30678e-05
0.000144895
0.000188393
0.000222619
0.00028878
0.0003451
0.000379862
0.000386607
0.000376056
0.000384868
0.000337449
0.000195392
9.22658e-05
7.18261e-05
0.000122795
0.000216338
0.000306196
0.00044364
1.33205e-05
1.60825e-05
4.94357e-05
0.000132739
0.000191034
0.000219661
0.000290745
0.000357766
0.000382908
0.000387905
0.000377465
0.000357766
0.000283903
0.000130615
8.69037e-06
-3.22093e-05
-9.67212e-06
5.06033e-05
0.000115066
0.000231499
7.94783e-06
2.07822e-05
4.99371e-05
0.000117852
0.000187647
0.000222045
0.000288152
0.000369283
0.000391283
0.000373741
0.00036267
0.000328487
0.000229904
6.02371e-05
-8.01839e-05
-0.000141348
-0.000146246
-0.000118235
-7.74216e-05
2.15424e-05
1.79634e-06
2.30833e-05
5.51131e-05
0.000103534
0.000177972
0.00022869
0.000287646
0.000372344
0.000402881
0.000366517
0.000328535
0.000286242
0.000174402
-1.25307e-05
-0.000174218
-0.000254892
-0.000285189
-0.000289508
-0.00027097
-0.000186663
-3.85479e-06
2.18787e-05
6.22023e-05
9.1547e-05
0.000161028
0.000235449
0.000292386
0.000366457
0.000404741
0.00036474
0.000295407
0.000230132
0.000110188
-8.79596e-05
-0.000271581
-0.000374982
-0.000427424
-0.000461112
-0.000464611
-0.000392446
-8.55514e-06
1.66231e-05
6.70334e-05
9.31405e-05
0.000138856
0.000228567
0.000302325
0.000362394
0.000390246
0.000351738
0.000266338
0.000173503
3.70914e-05
-0.000169165
-0.000371837
-0.000500647
-0.00057338
-0.000631197
-0.000657082
-0.000596515
-1.24642e-05
9.00556e-06
6.65271e-05
0.000101751
0.000124998
0.000206436
0.000306384
0.000365712
0.000367048
0.000321677
0.000233372
0.0001205
-3.73295e-05
-0.00025665
-0.000476349
-0.000628963
-0.00072201
-0.000800076
-0.000847392
-0.000799358
-1.5952e-05
2.20799e-06
5.91693e-05
0.000111719
0.000124172
0.000176094
0.000289702
0.000368545
0.000350724
0.000278544
0.00018767
6.66954e-05
-0.000110725
-0.000346985
-0.000584853
-0.000760124
-0.000871937
-0.000967072
-0.00103349
-0.000998247
-2.08534e-05
-2.53165e-06
4.65197e-05
0.000114529
0.000140271
0.000155492
0.000248083
0.00034989
0.00034195
0.00024161
0.000129832
4.386e-06
-0.000185935
-0.000438776
-0.000695598
-0.000894872
-0.00102319
-0.00113021
-0.00121274
-0.00118976
-2.73205e-05
-5.55899e-06
3.49676e-05
0.000106494
0.000155063
0.000149355
0.000195707
0.000300169
0.000318811
0.000215078
7.72286e-05
-6.48664e-05
-0.00026505
-0.000533288
-0.000808131
-0.00103105
-0.00117668
-0.0012903
-0.0013836
-0.00137193
-3.52993e-05
-9.13727e-06
2.6834e-05
8.76571e-05
0.000158112
0.000160716
0.000156501
0.000221481
0.000263749
0.000184933
3.55065e-05
-0.000128283
-0.000345145
-0.000629469
-0.000922286
-0.00116648
-0.00133215
-0.00145121
-0.00154742
-0.00154402
-4.43608e-05
-1.45853e-05
2.13509e-05
6.66419e-05
0.000143484
0.00016839
0.000138148
0.000145878
0.000172988
0.00012612
-4.87369e-06
-0.000180971
-0.000416254
-0.000720391
-0.00103462
-0.00130097
-0.00148719
-0.00161422
-0.00170813
-0.00170694
-5.36583e-05
-2.34042e-05
1.59878e-05
4.77972e-05
0.000112052
0.000158637
0.000130974
8.69496e-05
7.16331e-05
3.29038e-05
-6.82058e-05
-0.000230913
-0.000475238
-0.000797722
-0.00113681
-0.0014305
-0.00163841
-0.00177583
-0.00186797
-0.00186436
-6.27991e-05
-3.54673e-05
6.16767e-06
3.11102e-05
7.50748e-05
0.000127819
0.000114044
4.58356e-05
-1.83514e-05
-7.84164e-05
-0.000161947
-0.000299067
-0.000529694
-0.000860346
-0.00122003
-0.00154147
-0.0017797
-0.0019313
-0.00202375
-0.00201846
-7.32072e-05
-4.93717e-05
-8.79326e-06
1.34305e-05
3.70084e-05
7.76381e-05
7.9316e-05
7.86392e-06
-9.21483e-05
-0.000185566
-0.000277143
-0.000394273
-0.000598293
-0.000916452
-0.00128448
-0.00162653
-0.00189663
-0.00207221
-0.00216855
-0.00216453
-8.49881e-05
-6.58742e-05
-2.92906e-05
-8.79123e-06
-2.03283e-06
2.01532e-05
2.43321e-05
-3.98234e-05
-0.000157038
-0.000282414
-0.000393245
-0.000510253
-0.00068921
-0.00098111
-0.00134115
-0.00168917
-0.00198118
-0.00218324
-0.00229294
-0.00229496
-9.91231e-05
-8.42794e-05
-5.54192e-05
-3.79658e-05
-4.32966e-05
-4.18779e-05
-4.37864e-05
-0.000101545
-0.000224396
-0.000370471
-0.000503584
-0.000628897
-0.000798357
-0.00106149
-0.00140118
-0.00174316
-0.00203708
-0.00225734
-0.0023858
-0.00239971
-0.00011648
-0.000106603
-8.57656e-05
-7.3314e-05
-8.92781e-05
-0.00010794
-0.000121639
-0.00017564
-0.000297547
-0.000457038
-0.000607468
-0.000743848
-0.00090911
-0.00115373
-0.00146909
-0.00179795
-0.00208374
-0.00230236
-0.0024424
-0.00247018
-0.000137353
-0.00013219
-0.000122092
-0.00011589
-0.000140181
-0.000177914
-0.000206907
-0.000260178
-0.00037705
-0.000542796
-0.000708808
-0.000855385
-0.00101663
-0.0012441
-0.00154104
-0.00185333
-0.00212868
-0.00233813
-0.00247225
-0.00250627
-0.000163197
-0.000162025
-0.00016335
-0.00016626
-0.00019672
-0.000250699
-0.000297642
-0.000354721
-0.000464301
-0.000628548
-0.000805129
-0.000964313
-0.0011226
-0.00132951
-0.00160576
-0.00190535
-0.00216943
-0.00237104
-0.00249394
-0.00252196
-0.000194315
-0.000197023
-0.000209345
-0.000223742
-0.00026002
-0.000325415
-0.000391713
-0.000457055
-0.00055932
-0.000716998
-0.000896939
-0.00106565
-0.00122749
-0.00141444
-0.00166128
-0.0019458
-0.00220239
-0.00239635
-0.00251109
-0.00253027
-0.0002315
-0.000237447
-0.000259761
-0.000287951
-0.000330494
-0.000402987
-0.00048551
-0.000564189
-0.000662797
-0.000808786
-0.000986432
-0.00115908
-0.00132452
-0.00150159
-0.00171375
-0.00197197
-0.00222021
-0.00240735
-0.00251748
-0.00253207
-0.000274701
-0.000284656
-0.000314227
-0.000356173
-0.000408242
-0.000484988
-0.000578189
-0.000671206
-0.000772331
-0.000906183
-0.00107464
-0.00124723
-0.00141121
-0.00158313
-0.0017699
-0.00198892
-0.0022189
-0.00239879
-0.0025049
-0.0025204
-0.000323356
-0.000337958
-0.000374052
-0.000426916
-0.000490469
-0.000572072
-0.000671124
-0.000775197
-0.00088278
-0.00100937
-0.00116384
-0.00133077
-0.00149003
-0.00165284
-0.00182356
-0.0020054
-0.00220236
-0.00237019
-0.00247138
-0.00249126
-0.000377347
-0.000396627
-0.000438745
-0.000499922
-0.000574192
-0.000662353
-0.000765343
-0.000876153
-0.000989916
-0.00111379
-0.00125552
-0.00141094
-0.00156229
-0.00171141
-0.00186639
-0.00202102
-0.00217999
-0.0023254
-0.00242029
-0.00244596
-0.00043564
-0.000459285
-0.000507266
-0.000574814
-0.000657627
-0.00075295
-0.000859492
-0.000973955
-0.0010919
-0.00121533
-0.00134745
-0.00148889
-0.00162855
-0.00176144
-0.00189641
-0.00202858
-0.00215518
-0.00227346
-0.00235838
-0.00238923
-0.00049692
-0.000524097
-0.000577475
-0.000650507
-0.000739312
-0.000840853
-0.000951229
-0.0010678
-0.00118715
-0.00130965
-0.00143527
-0.00156418
-0.00169066
-0.00180721
-0.00191842
-0.00202664
-0.00212683
-0.00221844
-0.00228979
-0.00232523
-0.000558989
-0.000588995
-0.000646651
-0.000724532
-0.000817753
-0.000923833
-0.00103754
-0.00115547
-0.00127417
-0.00139358
-0.001513
-0.00163176
-0.00174727
-0.00185367
-0.00194883
-0.00203528
-0.0021097
-0.00217089
-0.00221865
-0.0022478
-0.000618731
-0.000650935
-0.000711708
-0.00079363
-0.000890193
-0.000999012
-0.0011152
-0.00123439
-0.00135238
-0.00146814
-0.00158009
-0.00168645
-0.00178585
-0.00187701
-0.00195925
-0.00203559
-0.0021055
-0.00216678
-0.00221757
-0.00225396
-0.000673064
-0.000706113
-0.000768025
-0.000851931
-0.000950463
-0.00106026
-0.00117712
-0.00129698
-0.00141492
-0.00152879
-0.00163682
-0.0017376
-0.00182881
-0.00190882
-0.00197612
-0.00203197
-0.00207899
-0.00211891
-0.00215404
-0.00218673
-0.000723698
-0.000760472
-0.000825572
-0.000912711
-0.00101477
-0.00112721
-0.00124554
-0.00136624
-0.0014842
-0.0015963
-0.00170009
-0.00179444
-0.00187746
-0.00194792
-0.00200502
-0.00204991
-0.00208571
-0.00211622
-0.00214569
-0.0021787
0.00339078
0.00358843
0.00340653
0.00316213
0.00293931
0.00272085
0.00245678
0.00211991
0.00172749
0.00131481
0.00090919
0.000515709
0.000134555
-0.000231107
-0.000587716
-0.00095418
-0.00136167
-0.00180781
-0.00228467
-0.00281328
-0.00340239
-0.00405519
-0.00477713
-0.00558418
-0.00641702
-0.00715128
-0.0077429
-0.00814776
-0.008316
-0.0082589
-0.00801734
-0.00769114
-0.00735743
-0.00703741
-0.00678726
-0.00663897
-0.00658192
-0.00655048
-0.00647759
-0.00645423
-0.00653728
-0.00663059
-0.00673904
-0.00684043
-0.00683386
-0.00688669
-0.00710983
-0.00726702
-0.00726773
-0.0072856
-0.00741511
-0.00757118
-0.00761332
-0.00761562
-0.00772109
-0.00783048
-0.00787333
-0.0079401
-0.00801939
-0.0080768
-0.00814308
-0.00818789
-0.00822089
-0.00829062
-0.0083443
-0.00836213
-0.00841711
-0.00849391
-0.00852517
-0.0085501
-0.00861289
-0.00867588
-0.0087149
-0.00875734
-0.00881755
-0.00887664
-0.00893234
-0.00899025
-0.00905235
-0.0091165
-0.0091794
-0.00924712
-0.00931415
-0.00938504
-0.00945661
-0.00952943
-0.00960638
-0.0096825
-0.0097633
-0.00984503
-0.00992766
-0.0100151
-0.0101006
-0.0101902
-0.0102807
-0.0103706
-0.0104618
-0.010554
-0.0106342
-0.0107098
0.00280605
0.00321719
0.00329716
0.00314101
0.00291899
0.00268793
0.00242072
0.00208778
0.00169978
0.00129005
0.000885876
0.00049303
0.00011165
-0.000254675
-0.000610922
-0.000976097
-0.00138211
-0.00182684
-0.0023009
-0.00282484
-0.00340934
-0.00405849
-0.00477241
-0.00556552
-0.00638726
-0.00711212
-0.00769816
-0.00810771
-0.0082848
-0.00823587
-0.00800054
-0.00767814
-0.00734679
-0.00702881
-0.0067802
-0.00663285
-0.00657674
-0.00654576
-0.00647257
-0.0064503
-0.00653423
-0.00662647
-0.00673527
-0.00683812
-0.006831
-0.00688327
-0.00710762
-0.00726506
-0.00726524
-0.00728306
-0.00741351
-0.00757012
-0.00761219
-0.00761405
-0.00772008
-0.00782975
-0.00787241
-0.00793941
-0.00801899
-0.00807641
-0.00814282
-0.00818763
-0.00822057
-0.00829053
-0.00834427
-0.00836192
-0.00841702
-0.00849403
-0.0085252
-0.00855002
-0.00861292
-0.00867597
-0.00871492
-0.00875733
-0.00881758
-0.00887666
-0.00893235
-0.00899025
-0.00905236
-0.00911651
-0.0091794
-0.00924712
-0.00931415
-0.00938504
-0.00945662
-0.00952942
-0.00960638
-0.0096825
-0.0097633
-0.00984503
-0.00992766
-0.0100151
-0.0101006
-0.0101902
-0.0102807
-0.0103706
-0.0104618
-0.010554
-0.0106343
-0.0107099
0.00249744
0.00299615
0.00323961
0.00317266
0.00295346
0.00269686
0.00240947
0.00206817
0.00167755
0.00126631
0.000860548
0.000465988
8.25941e-05
-0.000286571
-0.000644174
-0.00100814
-0.00141097
-0.00185347
-0.00232444
-0.00284144
-0.00341863
-0.00406183
-0.00476304
-0.00552999
-0.00632238
-0.00702338
-0.00759288
-0.00799827
-0.00818902
-0.00816442
-0.0079529
-0.00764898
-0.00732929
-0.00701925
-0.00677762
-0.00663311
-0.00657638
-0.00654582
-0.00647486
-0.00645309
-0.00653627
-0.00662707
-0.00673391
-0.00683705
-0.00683187
-0.0068837
-0.00710543
-0.00726137
-0.00726265
-0.00728155
-0.00741115
-0.00756697
-0.00760942
-0.0076119
-0.00771825
-0.0078278
-0.0078703
-0.00793744
-0.00801704
-0.00807439
-0.00814113
-0.00818628
-0.00821929
-0.00828944
-0.0083434
-0.00836111
-0.00841622
-0.00849334
-0.00852463
-0.00854959
-0.00861258
-0.00867567
-0.00871469
-0.00875719
-0.00881749
-0.00887658
-0.00893229
-0.00899022
-0.00905234
-0.00911649
-0.0091794
-0.00924714
-0.00931417
-0.00938507
-0.00945664
-0.00952945
-0.00960641
-0.00968252
-0.00976331
-0.00984504
-0.00992766
-0.0100151
-0.0101006
-0.0101903
-0.0102807
-0.0103707
-0.0104619
-0.010554
-0.0106344
-0.0107101
0.00222665
0.00275142
0.00309941
0.00312816
0.00294318
0.00268218
0.0023808
0.00203056
0.00163615
0.00122479
0.000819711
0.000425523
4.2177e-05
-0.000328819
-0.000686552
-0.00104857
-0.00144715
-0.00188686
-0.00235559
-0.00286326
-0.00343048
-0.00406439
-0.00474798
-0.00548428
-0.00624044
-0.0069155
-0.00746759
-0.00786724
-0.00807304
-0.00807558
-0.00789266
-0.00761189
-0.00730677
-0.00700788
-0.00677434
-0.00663143
-0.00657261
-0.00654187
-0.00647299
-0.00645295
-0.00653729
-0.00662626
-0.00672761
-0.00683023
-0.0068312
-0.0068845
-0.0071002
-0.00725254
-0.00725662
-0.00727814
-0.00740585
-0.00755949
-0.00760361
-0.00760825
-0.00771406
-0.0078229
-0.007866
-0.00793348
-0.00801296
-0.00807052
-0.00813765
-0.00818316
-0.00821646
-0.00828681
-0.00834122
-0.00835942
-0.00841456
-0.00849164
-0.00852332
-0.00854867
-0.00861166
-0.00867474
-0.00871401
-0.00875675
-0.00881712
-0.00887621
-0.00893199
-0.00898999
-0.00905214
-0.00911631
-0.00917925
-0.00924703
-0.00931409
-0.00938501
-0.00945661
-0.00952943
-0.00960642
-0.00968253
-0.00976334
-0.00984507
-0.00992769
-0.0100151
-0.0101007
-0.0101903
-0.0102808
-0.0103707
-0.0104619
-0.0105541
-0.0106348
-0.0107104
0.00196931
0.00249665
0.00292075
0.00304807
0.00291868
0.00266851
0.00236218
0.00200414
0.00160222
0.00118656
0.000779141
0.00038391
1.67213e-07
-0.000371965
-0.000729308
-0.0010905
-0.00148482
-0.00192014
-0.0023864
-0.00288389
-0.00343819
-0.00405975
-0.00472379
-0.0054274
-0.0061463
-0.00679671
-0.0073342
-0.00772795
-0.00794606
-0.00797525
-0.00782286
-0.00756791
-0.0072807
-0.0069952
-0.00676947
-0.00662754
-0.0065662
-0.00653493
-0.00646965
-0.00645295
-0.00653859
-0.00662515
-0.00671947
-0.00682149
-0.0068313
-0.00688666
-0.00709383
-0.00724139
-0.00724941
-0.0072747
-0.00739953
-0.0075496
-0.00759615
-0.00760366
-0.00770817
-0.00781625
-0.00786051
-0.0079281
-0.00800714
-0.00806471
-0.00813205
-0.00817832
-0.00821228
-0.00828272
-0.00833774
-0.00835678
-0.00841179
-0.00848865
-0.00852105
-0.00854707
-0.00860997
-0.00867302
-0.00871276
-0.00875589
-0.00881633
-0.00887546
-0.00893137
-0.00898948
-0.0090517
-0.00911594
-0.00917895
-0.0092468
-0.0093139
-0.00938487
-0.00945652
-0.00952937
-0.0096064
-0.00968254
-0.00976337
-0.00984511
-0.00992774
-0.0100151
-0.0101007
-0.0101903
-0.0102808
-0.0103707
-0.010462
-0.0105541
-0.0106352
-0.010711
0.0017216
0.00224676
0.00272788
0.0029459
0.00288158
0.0026538
0.00234986
0.0019859
0.00157334
0.00114806
0.000735196
0.000337724
-4.61889e-05
-0.00041815
-0.000774042
-0.00113412
-0.00152451
-0.00195276
-0.00241496
-0.0029029
-0.00344239
-0.00404958
-0.00469401
-0.00536707
-0.00604899
-0.00667415
-0.00719949
-0.00758715
-0.00781433
-0.00786854
-0.0077469
-0.00751963
-0.00725262
-0.00698169
-0.00676453
-0.00662343
-0.00655861
-0.00652698
-0.00646641
-0.00645325
-0.00653943
-0.00662317
-0.00671082
-0.00681319
-0.00683225
-0.00688865
-0.00708608
-0.00722893
-0.00724174
-0.00727097
-0.00739224
-0.00753834
-0.0075877
-0.00759841
-0.00770136
-0.0078085
-0.00785398
-0.00792164
-0.00800021
-0.00805789
-0.00812561
-0.00817282
-0.00820739
-0.00827772
-0.00833343
-0.00835349
-0.00840832
-0.00848494
-0.00851829
-0.0085451
-0.00860783
-0.00867085
-0.00871115
-0.00875474
-0.00881525
-0.00887443
-0.00893052
-0.00898877
-0.00905108
-0.00911541
-0.00917851
-0.00924643
-0.0093136
-0.00938464
-0.00945635
-0.00952925
-0.00960634
-0.00968251
-0.00976337
-0.00984513
-0.00992779
-0.0100152
-0.0101008
-0.0101904
-0.0102809
-0.0103708
-0.0104621
-0.0105542
-0.0106357
-0.0107116
0.00148059
0.00200685
0.00252828
0.00282265
0.00282733
0.0026304
0.00233351
0.00196892
0.00154717
0.00110976
0.000689086
0.000288009
-9.64063e-05
-0.000468384
-0.000821766
-0.00117954
-0.00156629
-0.00198659
-0.00244314
-0.00292136
-0.00344591
-0.00403647
-0.00466004
-0.00530519
-0.00595049
-0.00654885
-0.00706342
-0.00744579
-0.00767976
-0.00775564
-0.00766441
-0.00746695
-0.00722135
-0.00696656
-0.00675954
-0.00661888
-0.0065498
-0.00651802
-0.00646254
-0.0064526
-0.00653885
-0.00662067
-0.00670288
-0.00680506
-0.00683226
-0.00688934
-0.00707734
-0.007216
-0.00723358
-0.00726643
-0.00738417
-0.00752622
-0.00757839
-0.00759257
-0.00769387
-0.00779991
-0.00784679
-0.00791467
-0.00799272
-0.0080505
-0.00811858
-0.00816671
-0.00820193
-0.00827223
-0.00832871
-0.00834985
-0.00840443
-0.00848081
-0.00851521
-0.00854287
-0.0086054
-0.0086684
-0.00870933
-0.00875341
-0.00881399
-0.00887324
-0.00892952
-0.00898794
-0.00905034
-0.00911477
-0.00917799
-0.009246
-0.00931324
-0.00938434
-0.00945614
-0.00952911
-0.00960626
-0.00968247
-0.00976337
-0.00984515
-0.00992784
-0.0100152
-0.0101009
-0.0101904
-0.010281
-0.0103708
-0.0104623
-0.0105543
-0.0106362
-0.0107123
0.00124361
0.00177535
0.00232508
0.00267985
0.00275376
0.00259606
0.00231032
0.00194983
0.00152386
0.00107387
0.000642069
0.000234758
-0.000151916
-0.000523855
-0.000874546
-0.00122781
-0.00160942
-0.00202263
-0.00247152
-0.00293846
-0.00344763
-0.00401952
-0.00462133
-0.00524059
-0.00585152
-0.00642202
-0.00692558
-0.00730476
-0.00754333
-0.00763617
-0.00757416
-0.007408
-0.00718567
-0.0069488
-0.00675327
-0.00661381
-0.00654032
-0.00650773
-0.00645733
-0.00645063
-0.0065372
-0.00661835
-0.00669497
-0.00679529
-0.00683061
-0.00688953
-0.00706851
-0.0072026
-0.0072245
-0.00726115
-0.00737554
-0.0075133
-0.00756829
-0.00758624
-0.00768586
-0.00779073
-0.00783918
-0.00790723
-0.00798461
-0.00804248
-0.00811099
-0.00816015
-0.00819615
-0.0082664
-0.00832361
-0.00834584
-0.0084002
-0.00847635
-0.00851186
-0.00854042
-0.00860277
-0.00866576
-0.00870736
-0.00875195
-0.00881261
-0.00887193
-0.00892842
-0.00898701
-0.00904953
-0.00911407
-0.0091774
-0.00924552
-0.00931285
-0.00938403
-0.00945591
-0.00952894
-0.00960616
-0.00968241
-0.00976336
-0.00984516
-0.0099279
-0.0100153
-0.010101
-0.0101905
-0.0102811
-0.0103709
-0.0104624
-0.0105544
-0.0106366
-0.0107131
0.00100825
0.00154806
0.002121
0.00252393
0.00266221
0.00255011
0.00227988
0.00192428
0.00149989
0.00103922
0.000593927
0.000177928
-0.000212194
-0.000583344
-0.000932307
-0.00127855
-0.00165256
-0.00205934
-0.00249911
-0.00295401
-0.00344641
-0.00399853
-0.00457963
-0.00517432
-0.00575237
-0.00629408
-0.00678544
-0.00716252
-0.00740483
-0.00751072
-0.00747487
-0.00734157
-0.00714605
-0.00692826
-0.00674501
-0.00660828
-0.00653061
-0.00649586
-0.00645001
-0.00644757
-0.00653516
-0.00661521
-0.00668545
-0.006784
-0.00682872
-0.00689042
-0.00705953
-0.00718796
-0.00721444
-0.00725541
-0.00736636
-0.00749954
-0.00755753
-0.00757955
-0.00767742
-0.00778097
-0.00783095
-0.00789916
-0.0079759
-0.00803394
-0.00810296
-0.00815321
-0.00818996
-0.00826008
-0.00831807
-0.00834152
-0.00839568
-0.00847157
-0.00850825
-0.00853777
-0.00859992
-0.0086629
-0.00870522
-0.00875035
-0.0088111
-0.00887049
-0.00892722
-0.00898601
-0.00904865
-0.0091133
-0.00917677
-0.00924499
-0.00931242
-0.00938367
-0.00945565
-0.00952875
-0.00960605
-0.00968235
-0.00976335
-0.00984516
-0.00992796
-0.0100153
-0.0101011
-0.0101906
-0.0102813
-0.010371
-0.0104626
-0.0105546
-0.0106371
-0.0107139
0.000775554
0.00132262
0.0019187
0.00236034
0.00255336
0.00248873
0.00223943
0.00188943
0.00147096
0.00100547
0.00054585
0.000119372
-0.000275197
-0.000645626
-0.000993156
-0.00133232
-0.00169662
-0.00209607
-0.00252598
-0.00296847
-0.0034428
-0.00397362
-0.00453613
-0.00510705
-0.00565088
-0.00616431
-0.00664336
-0.00701825
-0.00726561
-0.00738188
-0.00736711
-0.00726716
-0.00710176
-0.00690439
-0.00673411
-0.00660144
-0.00652059
-0.00648284
-0.00644096
-0.00644393
-0.00653229
-0.00661002
-0.00667463
-0.00677281
-0.00682754
-0.00689144
-0.00704922
-0.00717166
-0.00720361
-0.00724951
-0.00735687
-0.00748507
-0.00754606
-0.00757243
-0.00766843
-0.0077703
-0.00782193
-0.00789059
-0.00796671
-0.00802486
-0.00809439
-0.00814578
-0.00818328
-0.00825329
-0.00831214
-0.00833687
-0.00839078
-0.00846642
-0.00850436
-0.00853489
-0.00859684
-0.00865983
-0.00870291
-0.00874861
-0.00880945
-0.00886894
-0.00892593
-0.00898493
-0.0090477
-0.00911248
-0.00917609
-0.00924442
-0.00931195
-0.00938328
-0.00945537
-0.00952854
-0.00960593
-0.00968227
-0.00976334
-0.00984517
-0.00992802
-0.0100154
-0.0101012
-0.0101907
-0.0102814
-0.0103711
-0.0104628
-0.0105547
-0.0106375
-0.0107147
0.000546867
0.00109773
0.00171734
0.00219178
0.00242915
0.00240983
0.00218782
0.00184615
0.00143446
0.000970902
0.000498694
5.99242e-05
-0.000340485
-0.000710402
-0.00105565
-0.00139
-0.00174379
-0.00213257
-0.00255096
-0.00298096
-0.00343712
-0.00394577
-0.00449028
-0.00503747
-0.00554725
-0.00603384
-0.0065009
-0.00687331
-0.00712605
-0.00725068
-0.00725167
-0.0071829
-0.00705065
-0.00687698
-0.00672098
-0.00659322
-0.00650991
-0.0064695
-0.00643152
-0.00643918
-0.00652713
-0.00660305
-0.0066636
-0.00676166
-0.0068257
-0.00689116
-0.00703765
-0.00715469
-0.00719251
-0.00724347
-0.00734707
-0.00746958
-0.00753334
-0.00756455
-0.00765875
-0.00775883
-0.00781242
-0.00788168
-0.00795695
-0.00801508
-0.0080852
-0.0081378
-0.00817606
-0.00824596
-0.00830573
-0.00833181
-0.00838551
-0.00846093
-0.00850021
-0.00853179
-0.0085935
-0.00865651
-0.00870041
-0.00874672
-0.00880766
-0.00886726
-0.00892453
-0.00898375
-0.00904665
-0.00911157
-0.00917533
-0.00924379
-0.00931144
-0.00938286
-0.00945506
-0.00952831
-0.0096058
-0.00968219
-0.00976332
-0.00984517
-0.00992809
-0.0100154
-0.0101013
-0.0101907
-0.0102815
-0.0103712
-0.010463
-0.0105549
-0.0106379
-0.0107155
0.000323267
0.000874257
0.00151511
0.00201978
0.0022929
0.00231456
0.00212313
0.0017941
0.00138875
0.000931168
0.000452456
-3.3884e-07
-0.000408251
-0.000777601
-0.00111944
-0.0014498
-0.00179442
-0.00216809
-0.00257325
-0.00299175
-0.00342973
-0.00391745
-0.00444094
-0.0049636
-0.00544504
-0.00590458
-0.00635762
-0.00672767
-0.00698431
-0.00711669
-0.00713081
-0.0070894
-0.00699196
-0.00684613
-0.00670635
-0.0065831
-0.00649719
-0.00645572
-0.00642203
-0.00643241
-0.00651936
-0.00659511
-0.00665228
-0.00674909
-0.00682214
-0.00689051
-0.00702658
-0.00713758
-0.00718026
-0.00723617
-0.00733632
-0.00745297
-0.00751947
-0.00755617
-0.00764889
-0.00774693
-0.00780224
-0.00787198
-0.00794633
-0.00800449
-0.0080753
-0.00812922
-0.00816838
-0.0082382
-0.00829892
-0.00832641
-0.00837986
-0.00845504
-0.00849571
-0.00852839
-0.00858988
-0.00865293
-0.00869772
-0.00874467
-0.00880572
-0.00886544
-0.00892301
-0.00898246
-0.00904552
-0.00911058
-0.00917453
-0.00924311
-0.00931089
-0.0093824
-0.00945473
-0.00952805
-0.00960565
-0.00968209
-0.0097633
-0.00984516
-0.00992815
-0.0100155
-0.0101014
-0.0101908
-0.0102817
-0.0103713
-0.0104632
-0.0105551
-0.0106383
-0.0107164
0.000105259
0.000654327
0.00131108
0.00184402
0.00214755
0.00220495
0.00204402
0.00173183
0.00133396
0.000882997
0.000404901
-6.10738e-05
-0.000478205
-0.000846854
-0.00118402
-0.00150878
-0.00184696
-0.0022043
-0.00259439
-0.00300183
-0.00342038
-0.00388806
-0.00438772
-0.00488544
-0.00534621
-0.00577771
-0.00621145
-0.00658066
-0.00684143
-0.00698063
-0.00700721
-0.00698918
-0.00692448
-0.00680923
-0.00668903
-0.00657069
-0.0064821
-0.00644067
-0.00641209
-0.006425
-0.00651021
-0.00658557
-0.00663969
-0.0067348
-0.00681743
-0.00689039
-0.00701553
-0.00711878
-0.007166
-0.00722762
-0.00732525
-0.00743629
-0.00750516
-0.00754718
-0.00763836
-0.0077339
-0.00779078
-0.00786135
-0.00793511
-0.00799334
-0.00806489
-0.00812028
-0.0081603
-0.00822987
-0.0082915
-0.00832049
-0.00837374
-0.00844872
-0.00849089
-0.00852473
-0.008586
-0.00864912
-0.00869484
-0.00874244
-0.0088036
-0.00886346
-0.00892135
-0.00898107
-0.0090443
-0.00910952
-0.00917364
-0.00924236
-0.00931028
-0.00938189
-0.00945436
-0.00952777
-0.00960548
-0.00968197
-0.00976327
-0.00984515
-0.00992823
-0.0100155
-0.0101016
-0.0101909
-0.0102819
-0.0103714
-0.0104633
-0.0105553
-0.0106387
-0.0107173
-0.000107906
0.000439531
0.0011064
0.00166412
0.00199572
0.0020835
0.0019515
0.00165732
0.00126937
0.000825012
0.000352137
-0.000121024
-0.000549126
-0.000917865
-0.00124956
-0.00156646
-0.00189898
-0.00224321
-0.00261546
-0.00301048
-0.00340913
-0.00385527
-0.0043324
-0.00480605
-0.00524878
-0.00565289
-0.00606327
-0.00643311
-0.00670009
-0.00684334
-0.00688028
-0.00688299
-0.00684753
-0.00676378
-0.00666777
-0.00655718
-0.00646537
-0.00642308
-0.00640122
-0.00641889
-0.00650043
-0.00657267
-0.00662465
-0.00671938
-0.00681166
-0.00688948
-0.00700349
-0.0070989
-0.0071513
-0.00721882
-0.00731377
-0.00741895
-0.00748949
-0.00753654
-0.00762648
-0.00772002
-0.00777892
-0.00785054
-0.00792349
-0.00798152
-0.00805371
-0.00811056
-0.00815142
-0.00822079
-0.00828354
-0.00831421
-0.00836728
-0.00844201
-0.00848575
-0.00852079
-0.00858182
-0.008645
-0.0086917
-0.00873998
-0.00880128
-0.0088613
-0.00891957
-0.00897955
-0.00904296
-0.00910835
-0.00917267
-0.00924154
-0.00930963
-0.00938135
-0.00945396
-0.00952746
-0.00960528
-0.00968184
-0.00976323
-0.00984514
-0.00992829
-0.0100156
-0.0101017
-0.0101911
-0.010282
-0.0103716
-0.0104635
-0.0105555
-0.0106391
-0.0107181
-0.000317688
0.000229151
0.000902625
0.0014801
0.00183793
0.00195161
0.00184543
0.00156917
0.00119341
0.000757212
0.00029161
-0.000181628
-0.000620026
-0.000990968
-0.00131655
-0.00162331
-0.00194813
-0.00228315
-0.00263671
-0.00301692
-0.00339763
-0.00381999
-0.00427584
-0.00472799
-0.00515008
-0.00552855
-0.00591762
-0.00628599
-0.00655893
-0.00670511
-0.00674883
-0.00677113
-0.00676392
-0.00670983
-0.00664077
-0.00654262
-0.00644727
-0.00640262
-0.00638882
-0.00641328
-0.00648999
-0.00655643
-0.00660689
-0.00670311
-0.00680449
-0.00688715
-0.00699137
-0.00707926
-0.00713611
-0.00720865
-0.00730032
-0.00739976
-0.00747275
-0.0075255
-0.00761448
-0.00770595
-0.0077666
-0.00783877
-0.00791054
-0.00796846
-0.00804166
-0.00810029
-0.00814216
-0.00821135
-0.00827518
-0.00830747
-0.00836027
-0.00843477
-0.00848019
-0.0085165
-0.00857726
-0.00864054
-0.0086883
-0.00873733
-0.00879877
-0.00885898
-0.00891762
-0.0089779
-0.00904151
-0.00910708
-0.00917164
-0.00924066
-0.00930891
-0.00938074
-0.00945351
-0.00952711
-0.00960507
-0.00968169
-0.00976317
-0.00984512
-0.00992835
-0.0100157
-0.0101018
-0.0101912
-0.0102822
-0.0103718
-0.0104637
-0.0105558
-0.0106395
-0.010719
-0.000524742
2.21689e-05
0.000701036
0.00129308
0.00167383
0.00181045
0.00172604
0.00146855
0.00110564
0.000678946
0.000221706
-0.00024721
-0.000690075
-0.00106499
-0.001385
-0.00167966
-0.00199426
-0.00232071
-0.00265797
-0.00302188
-0.00338734
-0.00378573
-0.00421692
-0.00464978
-0.00505027
-0.0054042
-0.00577777
-0.00614018
-0.00641456
-0.00656774
-0.00661608
-0.00665296
-0.00667517
-0.00664898
-0.00660563
-0.00652419
-0.00642763
-0.00637984
-0.00637377
-0.00640638
-0.00648024
-0.00653967
-0.0065869
-0.00668464
-0.0067953
-0.00688353
-0.00697902
-0.00705891
-0.00711936
-0.00719701
-0.00728566
-0.00737992
-0.00745616
-0.0075147
-0.00760156
-0.00768995
-0.00775251
-0.00782591
-0.00789698
-0.00795503
-0.00802933
-0.00808965
-0.00813228
-0.00820105
-0.00826599
-0.00830008
-0.00835272
-0.00842707
-0.00847425
-0.00851185
-0.00857235
-0.00863576
-0.00868466
-0.00873446
-0.00879604
-0.00885644
-0.00891551
-0.00897612
-0.00903994
-0.00910571
-0.00917049
-0.00923968
-0.00930812
-0.00938008
-0.00945302
-0.00952673
-0.00960482
-0.00968152
-0.0097631
-0.0098451
-0.0099284
-0.0100158
-0.010102
-0.0101914
-0.0102823
-0.0103719
-0.0104639
-0.010556
-0.0106399
-0.0107198
-0.000727787
-0.000180841
0.00050219
0.0011044
0.00150356
0.00166063
0.00159487
0.00135568
0.00100577
0.000589018
0.000141048
-0.000320054
-0.000759932
-0.00113802
-0.00145443
-0.00173603
-0.00203786
-0.00235427
-0.00267819
-0.00302652
-0.00337782
-0.00375422
-0.0041567
-0.00456868
-0.00495134
-0.00528279
-0.00564254
-0.00599627
-0.0062669
-0.00643237
-0.00648629
-0.00652772
-0.00657885
-0.00658362
-0.00656201
-0.00649835
-0.00640621
-0.00635617
-0.00635638
-0.0063981
-0.00647138
-0.00652321
-0.00656422
-0.00666209
-0.00678314
-0.00687878
-0.00696604
-0.00703757
-0.00710198
-0.00718532
-0.00727084
-0.00735889
-0.00743761
-0.00750217
-0.00758729
-0.00767258
-0.00773777
-0.00781335
-0.00788347
-0.00794062
-0.00801559
-0.0080779
-0.00812158
-0.00819004
-0.00825623
-0.00829227
-0.00834472
-0.00841884
-0.00846786
-0.00850685
-0.00856709
-0.00863066
-0.00868075
-0.00873133
-0.00879307
-0.0088537
-0.00891323
-0.00897417
-0.00903821
-0.0091042
-0.00916924
-0.00923863
-0.00930726
-0.00937936
-0.00945247
-0.00952631
-0.00960453
-0.00968134
-0.009763
-0.00984507
-0.00992844
-0.0100158
-0.0101021
-0.0101915
-0.0102825
-0.0103721
-0.0104641
-0.0105563
-0.0106404
-0.0107206
-0.000925126
-0.000379881
0.000305124
0.000914332
0.0013276
0.00150179
0.00145319
0.00122975
0.00089405
0.000488327
4.93858e-05
-0.000400101
-0.000832507
-0.00120941
-0.00152281
-0.00179322
-0.00207993
-0.0023857
-0.0026968
-0.0030298
-0.00336713
-0.00372438
-0.00409981
-0.00448561
-0.00485318
-0.00516744
-0.00550857
-0.00585318
-0.00612044
-0.00629805
-0.00636011
-0.00639782
-0.00647202
-0.00651366
-0.00651319
-0.00646481
-0.00638142
-0.00633197
-0.0063369
-0.00638749
-0.00646166
-0.00650608
-0.00653982
-0.00663673
-0.0067678
-0.00687236
-0.00695261
-0.00701554
-0.00708401
-0.00717316
-0.00725473
-0.00733539
-0.00741639
-0.0074889
-0.00757408
-0.00765555
-0.00772176
-0.00779935
-0.00786864
-0.00792472
-0.00800077
-0.00806581
-0.00811066
-0.00817843
-0.00824573
-0.00828384
-0.00833614
-0.00841005
-0.00846104
-0.00850148
-0.00856143
-0.00862517
-0.0086765
-0.00872792
-0.00878982
-0.00885071
-0.00891073
-0.00897204
-0.00903635
-0.00910259
-0.0091679
-0.00923748
-0.00930631
-0.00937857
-0.00945187
-0.00952585
-0.0096042
-0.00968113
-0.00976288
-0.00984504
-0.00992846
-0.0100159
-0.0101022
-0.0101917
-0.0102827
-0.0103724
-0.0104643
-0.0105566
-0.0106408
-0.0107215
-0.0011148
-0.00057446
0.000110029
0.000723872
0.00114743
0.00133437
0.0013006
0.00109073
0.000769592
0.000377021
-5.25717e-05
-0.000488153
-0.000910244
-0.00128027
-0.00158811
-0.00185064
-0.00212123
-0.00241607
-0.00271391
-0.00302981
-0.0033542
-0.00369533
-0.00404952
-0.00440568
-0.00475371
-0.00505649
-0.00537595
-0.00571113
-0.00598023
-0.00616343
-0.00623323
-0.0062686
-0.00635667
-0.00643534
-0.00646277
-0.00642653
-0.00634906
-0.0063044
-0.00631534
-0.00637344
-0.00645061
-0.00648932
-0.00651561
-0.00661038
-0.00674856
-0.00686217
-0.00693845
-0.00699275
-0.00706427
-0.00715993
-0.00723811
-0.00731142
-0.0073944
-0.00747468
-0.00756037
-0.00763727
-0.00770328
-0.00778343
-0.00785362
-0.00790899
-0.00798534
-0.00805276
-0.00809886
-0.00816595
-0.00823447
-0.00827485
-0.00832703
-0.00840071
-0.00845374
-0.00849569
-0.00855532
-0.00861923
-0.0086719
-0.00872421
-0.0087863
-0.00884749
-0.00890805
-0.00896978
-0.00903433
-0.00910081
-0.00916641
-0.00923622
-0.00930528
-0.00937771
-0.0094512
-0.00952534
-0.00960384
-0.0096809
-0.00976273
-0.00984499
-0.00992847
-0.010016
-0.0101023
-0.0101919
-0.0102829
-0.0103726
-0.0104645
-0.0105569
-0.0106412
-0.0107223
-0.00129495
-0.000762051
-8.08867e-05
0.000534813
0.000964798
0.0011596
0.00113571
0.000938201
0.000630572
0.000253882
-0.000162818
-0.000584855
-0.000993916
-0.00135257
-0.00165024
-0.00190463
-0.00216108
-0.00244578
-0.00273193
-0.00302879
-0.00333936
-0.00366609
-0.00400365
-0.00433265
-0.00465394
-0.00494564
-0.00524836
-0.00557396
-0.00584574
-0.00602701
-0.00610243
-0.00614484
-0.00624018
-0.00634517
-0.00640695
-0.00638619
-0.00630833
-0.00626993
-0.00629242
-0.00635736
-0.00643912
-0.00647423
-0.00649071
-0.0065815
-0.00672519
-0.00684755
-0.00692298
-0.00696943
-0.00704289
-0.00714646
-0.00722257
-0.00728732
-0.0073699
-0.00745658
-0.00754433
-0.00761936
-0.00768518
-0.00776669
-0.00783775
-0.00789241
-0.0079685
-0.00803847
-0.00808652
-0.00815305
-0.00822255
-0.00826517
-0.00831729
-0.00839074
-0.00844587
-0.00848938
-0.00854871
-0.00861288
-0.00866697
-0.00872023
-0.00878252
-0.00884403
-0.00890513
-0.00896727
-0.0090321
-0.00909888
-0.0091648
-0.00923486
-0.00930414
-0.00937678
-0.00945046
-0.00952479
-0.00960341
-0.00968063
-0.00976255
-0.00984494
-0.00992848
-0.0100161
-0.0101025
-0.0101921
-0.010283
-0.0103728
-0.0104647
-0.0105572
-0.0106417
-0.010723
-0.00146495
-0.000940294
-0.000265556
0.000348493
0.000781062
0.000979398
0.000959695
0.000771562
0.00047676
0.000117258
-0.000281798
-0.000689739
-0.00108376
-0.0014273
-0.00171077
-0.00195276
-0.00219791
-0.00247538
-0.00275294
-0.00303162
-0.00332363
-0.00363401
-0.00395765
-0.00426631
-0.00455966
-0.00483473
-0.00512668
-0.00544472
-0.00571295
-0.00588874
-0.0059711
-0.00602724
-0.00612744
-0.00624357
-0.00633766
-0.00634532
-0.0062659
-0.00622704
-0.00626648
-0.00634078
-0.0064246
-0.00645842
-0.006465
-0.00654991
-0.00669937
-0.00683006
-0.00690547
-0.00694555
-0.00702012
-0.00713178
-0.00720655
-0.00726172
-0.00734298
-0.00743652
-0.00752791
-0.00760231
-0.007667
-0.00774776
-0.00781948
-0.00787497
-0.0079515
-0.00802367
-0.00807336
-0.00813923
-0.00820971
-0.00825474
-0.00830688
-0.00838009
-0.00843742
-0.00848266
-0.00854173
-0.00860614
-0.0086617
-0.00871593
-0.00877838
-0.00884021
-0.00890193
-0.00896456
-0.00902972
-0.0090968
-0.00916304
-0.00923337
-0.0093029
-0.00937576
-0.00944963
-0.00952417
-0.00960293
-0.00968034
-0.00976235
-0.00984485
-0.00992847
-0.0100162
-0.0101026
-0.0101922
-0.0102833
-0.010373
-0.010465
-0.0105575
-0.0106421
-0.0107238
-0.00162722
-0.0011106
-0.000443875
0.000165601
0.00059773
0.000796704
0.000776895
0.000591841
0.00030744
-3.50216e-05
-0.00041276
-0.000801479
-0.00117851
-0.00150493
-0.00177188
-0.00199704
-0.00222911
-0.002502
-0.00277607
-0.0030415
-0.00331121
-0.00359916
-0.00390907
-0.00420403
-0.00447492
-0.00472851
-0.00500735
-0.00532143
-0.00558359
-0.00575231
-0.00584276
-0.00591114
-0.00601647
-0.00613706
-0.00625406
-0.0062999
-0.00622812
-0.00617786
-0.00623161
-0.00632208
-0.00640603
-0.0064401
-0.00644169
-0.00651841
-0.00667058
-0.00680954
-0.00688574
-0.00691979
-0.00699448
-0.00711444
-0.00719026
-0.00723705
-0.00731652
-0.00741552
-0.00750855
-0.00758229
-0.00764798
-0.00772899
-0.00780057
-0.00785638
-0.0079336
-0.00800798
-0.00805917
-0.00812446
-0.00819616
-0.00824372
-0.00829584
-0.00836883
-0.00842849
-0.00847554
-0.00853427
-0.00859888
-0.00865592
-0.00871119
-0.00877387
-0.00883614
-0.00889853
-0.00896166
-0.00902712
-0.00909452
-0.00916112
-0.00923175
-0.00930153
-0.00937464
-0.00944873
-0.0095235
-0.0096024
-0.00967998
-0.0097621
-0.00984474
-0.00992846
-0.0100162
-0.0101027
-0.0101924
-0.0102835
-0.0103732
-0.0104652
-0.0105578
-0.0106426
-0.0107245
-0.00178571
-0.00127802
-0.000618741
-1.44049e-05
0.000415797
0.000614183
0.000591652
0.000402843
0.000122628
-0.000203225
-0.000557446
-0.000920501
-0.00127721
-0.00158665
-0.00183502
-0.00204103
-0.00225399
-0.00252058
-0.00279881
-0.00305897
-0.00330831
-0.00356741
-0.00385735
-0.00414134
-0.00439713
-0.00463124
-0.00489027
-0.0051999
-0.00546295
-0.00562373
-0.00571603
-0.00579063
-0.00590369
-0.00603605
-0.00616482
-0.00624165
-0.00619117
-0.00612755
-0.00618519
-0.00629846
-0.00638748
-0.00641957
-0.00641961
-0.0064887
-0.00663762
-0.00678351
-0.00686405
-0.00689251
-0.00696567
-0.00709555
-0.00717533
-0.00721361
-0.00728863
-0.00739114
-0.00748573
-0.0075606
-0.00762954
-0.00771133
-0.00778078
-0.00783523
-0.00791393
-0.00799205
-0.00804474
-0.0081087
-0.00818159
-0.00823212
-0.00828431
-0.00835689
-0.00841888
-0.00846783
-0.00852621
-0.00859103
-0.00864971
-0.00870616
-0.00876911
-0.00883176
-0.00889481
-0.00895847
-0.00902429
-0.00909206
-0.00915903
-0.00922999
-0.00930005
-0.00937342
-0.00944773
-0.00952273
-0.00960181
-0.00967958
-0.00976183
-0.00984459
-0.00992842
-0.0100163
-0.0101028
-0.0101926
-0.0102837
-0.0103735
-0.0104655
-0.0105581
-0.010643
-0.0107252
-0.0019396
-0.00144597
-0.000796753
-0.000196292
0.000233185
0.000432062
0.000406484
0.000211277
-7.27243e-05
-0.000385876
-0.000715919
-0.00105032
-0.00138064
-0.00167225
-0.0019013
-0.0020871
-0.00227628
-0.0025291
-0.00281594
-0.00308009
-0.00331751
-0.00354777
-0.00380572
-0.00407506
-0.00432136
-0.00454221
-0.00478045
-0.00507903
-0.0053516
-0.0055094
-0.00558964
-0.00566242
-0.00578897
-0.00594462
-0.00607738
-0.00616618
-0.00614648
-0.00608223
-0.00613206
-0.00626658
-0.00637036
-0.00639755
-0.00639248
-0.00645913
-0.00660437
-0.00675209
-0.00684002
-0.00686636
-0.00693444
-0.00707321
-0.00715939
-0.00718927
-0.0072595
-0.00736637
-0.00746263
-0.00753712
-0.00760849
-0.00769268
-0.0077616
-0.0078133
-0.00789196
-0.00797497
-0.00803036
-0.00809232
-0.00816584
-0.00821981
-0.00827223
-0.0083441
-0.00840843
-0.00845955
-0.0085177
-0.00858277
-0.00864314
-0.00870077
-0.00876391
-0.00882696
-0.00889077
-0.00895503
-0.00902124
-0.00908939
-0.00915677
-0.00922808
-0.00929842
-0.00937208
-0.00944663
-0.00952189
-0.00960116
-0.00967912
-0.00976151
-0.0098444
-0.00992836
-0.0100163
-0.010103
-0.0101927
-0.0102839
-0.0103737
-0.0104658
-0.0105585
-0.0106435
-0.0107258
-0.00208254
-0.00161166
-0.000982923
-0.000388925
4.34312e-05
0.000247384
0.000222416
2.34271e-05
-0.000268763
-0.000578182
-0.000886683
-0.00119219
-0.00149074
-0.00176184
-0.00197299
-0.0021377
-0.00230196
-0.00253057
-0.00282108
-0.00309885
-0.00333635
-0.00354584
-0.00376308
-0.00400675
-0.00424323
-0.00445594
-0.00468142
-0.00496338
-0.00524493
-0.00540994
-0.00546862
-0.00552986
-0.00567292
-0.00585595
-0.00599358
-0.006082
-0.00609121
-0.00603895
-0.006077
-0.00622466
-0.00635031
-0.00637624
-0.00635919
-0.0064263
-0.00657635
-0.00671981
-0.0068099
-0.00684002
-0.00690155
-0.00704473
-0.0071416
-0.00716672
-0.00723151
-0.00734141
-0.00743728
-0.0075102
-0.00758468
-0.00767328
-0.00774389
-0.00779175
-0.00786728
-0.00795557
-0.00801626
-0.00807614
-0.00814869
-0.00820615
-0.0082596
-0.00833072
-0.00839724
-0.00845083
-0.00850887
-0.00857399
-0.00863595
-0.00869484
-0.00875832
-0.00882185
-0.00888644
-0.00895133
-0.00901796
-0.0090865
-0.00915431
-0.00922598
-0.00929666
-0.00937062
-0.00944543
-0.00952095
-0.00960041
-0.00967859
-0.00976115
-0.00984418
-0.00992828
-0.0100163
-0.0101031
-0.0101929
-0.010284
-0.010374
-0.010466
-0.0105588
-0.0106439
-0.0107264
-0.00220646
-0.00176753
-0.00117322
-0.000597224
-0.000162502
5.30975e-05
3.6673e-05
-0.000159343
-0.000456004
-0.000769477
-0.00106452
-0.00134349
-0.00161009
-0.00185673
-0.00205173
-0.00219642
-0.00233558
-0.00253242
-0.00281264
-0.00310806
-0.00335741
-0.00355895
-0.00373981
-0.00394413
-0.00416267
-0.00436914
-0.00459013
-0.00485716
-0.00513851
-0.00531853
-0.0053637
-0.00540365
-0.00555076
-0.00575743
-0.00591372
-0.00600437
-0.00602839
-0.00598987
-0.00602058
-0.00617353
-0.00632277
-0.00635877
-0.00632721
-0.00638572
-0.00654781
-0.00669128
-0.00677404
-0.00680867
-0.00686867
-0.00701335
-0.0071226
-0.00714511
-0.00720167
-0.00731467
-0.00741151
-0.00748233
-0.00755895
-0.0076513
-0.00772563
-0.0077721
-0.00784194
-0.0079327
-0.00800077
-0.00806056
-0.00813086
-0.00819101
-0.00824629
-0.00831703
-0.00838551
-0.00844151
-0.00849943
-0.00856452
-0.00862818
-0.00868854
-0.00875242
-0.00881637
-0.00888178
-0.00894732
-0.00901439
-0.00908336
-0.00915164
-0.00922371
-0.00929473
-0.00936901
-0.00944411
-0.00951991
-0.0095996
-0.00967799
-0.00976073
-0.0098439
-0.00992815
-0.0100162
-0.0101031
-0.010193
-0.0102842
-0.0103742
-0.0104663
-0.0105591
-0.0106444
-0.010727
-0.00230041
-0.00190328
-0.00135799
-0.000816789
-0.000390315
-0.000161355
-0.000157984
-0.000339912
-0.000631077
-0.000947427
-0.00123872
-0.00149804
-0.00173733
-0.00195787
-0.0021377
-0.00226748
-0.00238166
-0.00254335
-0.00279664
-0.00310026
-0.00337042
-0.00357881
-0.00373991
-0.00389933
-0.00408659
-0.00428203
-0.00449817
-0.00475694
-0.0050334
-0.00523125
-0.00528286
-0.00529546
-0.00541976
-0.00564167
-0.00583505
-0.00594011
-0.0059642
-0.00593231
-0.00595954
-0.00611384
-0.00628749
-0.00634583
-0.00630204
-0.00633516
-0.0065077
-0.00666915
-0.00674206
-0.00677035
-0.00683364
-0.00698204
-0.00710017
-0.0071208
-0.00717052
-0.00728897
-0.00738732
-0.0074526
-0.00753002
-0.00762671
-0.00770607
-0.00775417
-0.00781766
-0.00790662
-0.00798225
-0.00804549
-0.00811375
-0.00817475
-0.00823184
-0.00830286
-0.0083731
-0.00843133
-0.00848937
-0.00855459
-0.00861999
-0.00868183
-0.0087461
-0.00881046
-0.00887671
-0.00894298
-0.00901056
-0.00908
-0.00914876
-0.00922125
-0.00929264
-0.00936727
-0.00944267
-0.00951877
-0.00959868
-0.00967731
-0.00976024
-0.00984357
-0.00992799
-0.0100162
-0.0101032
-0.0101931
-0.0102844
-0.0103744
-0.0104666
-0.0105595
-0.0106448
-0.0107276
-0.0023603
-0.00200854
-0.00152391
-0.00103625
-0.000636462
-0.000401526
-0.00037204
-0.000525528
-0.00079777
-0.00110793
-0.00139724
-0.00164613
-0.00186554
-0.00206401
-0.0022301
-0.00235151
-0.00244488
-0.00257067
-0.00278394
-0.00307519
-0.00336601
-0.00359515
-0.00375709
-0.00388211
-0.00402584
-0.00419843
-0.00440161
-0.00465656
-0.00493351
-0.00514744
-0.00522064
-0.00521014
-0.00528916
-0.00551191
-0.00574943
-0.00588236
-0.00590608
-0.0058727
-0.00589422
-0.00604625
-0.0062428
-0.00633122
-0.00628441
-0.0062837
-0.00645227
-0.00664496
-0.00672277
-0.00673143
-0.0067884
-0.00694679
-0.00707803
-0.00709695
-0.00713802
-0.00726166
-0.00736368
-0.0074222
-0.00749894
-0.00760044
-0.00768415
-0.00773572
-0.00779575
-0.00787998
-0.00795991
-0.00802911
-0.0080979
-0.0081584
-0.00821574
-0.00828731
-0.00836009
-0.00842086
-0.008479
-0.00854417
-0.00861122
-0.0086746
-0.00873935
-0.00880417
-0.00887131
-0.00893836
-0.00900646
-0.00907636
-0.00914562
-0.00921858
-0.00929036
-0.00936536
-0.00944107
-0.0095175
-0.00959768
-0.00967655
-0.00975969
-0.00984318
-0.00992778
-0.0100161
-0.0101032
-0.0101932
-0.0102845
-0.0103747
-0.0104668
-0.0105598
-0.0106452
-0.0107281
-0.00239018
-0.00207925
-0.00165796
-0.00123754
-0.000887141
-0.000662778
-0.000611366
-0.000728508
-0.000966284
-0.00125531
-0.00153536
-0.0017783
-0.00198518
-0.00216932
-0.00232657
-0.00244476
-0.00252771
-0.00262059
-0.00278628
-0.00304372
-0.00334012
-0.00359649
-0.00377713
-0.00389004
-0.00399104
-0.00412696
-0.00430746
-0.00455283
-0.00483451
-0.00506414
-0.00516541
-0.00514952
-0.0051789
-0.0053782
-0.00564404
-0.00581676
-0.00585932
-0.00582399
-0.00583004
-0.00596861
-0.00618105
-0.00630919
-0.00627777
-0.00624331
-0.00638466
-0.00660425
-0.00671166
-0.00670326
-0.00673364
-0.00690188
-0.00705979
-0.00707669
-0.00710019
-0.00722954
-0.00734274
-0.0073944
-0.00746541
-0.00757136
-0.00766023
-0.00771579
-0.00777541
-0.00785502
-0.00793493
-0.00800932
-0.00808211
-0.00814308
-0.00819873
-0.00827019
-0.00834655
-0.00841042
-0.00846825
-0.00853292
-0.0086017
-0.00866693
-0.0087323
-0.00879753
-0.00886553
-0.00893339
-0.00900205
-0.00907247
-0.00914227
-0.00921572
-0.00928789
-0.00936329
-0.00943934
-0.0095161
-0.00959654
-0.00967566
-0.00975906
-0.00984271
-0.00992751
-0.0100159
-0.0101032
-0.0101933
-0.0102847
-0.0103749
-0.0104671
-0.0105601
-0.0106456
-0.0107286
-0.00240334
-0.00212162
-0.0017573
-0.00140644
-0.00111985
-0.000930042
-0.000871913
-0.000955379
-0.00114997
-0.00140315
-0.00165953
-0.00189151
-0.00208964
-0.00226509
-0.00242052
-0.00254132
-0.00262497
-0.00269578
-0.0028143
-0.00302177
-0.00329873
-0.00357419
-0.00378407
-0.00391093
-0.00398758
-0.0040802
-0.00422724
-0.00444852
-0.00472839
-0.00497644
-0.00510935
-0.00511133
-0.00510343
-0.00525113
-0.00551619
-0.0057346
-0.005821
-0.00579133
-0.00577077
-0.00588412
-0.00610286
-0.00627582
-0.00627819
-0.00621806
-0.00631437
-0.00654044
-0.00669429
-0.00669606
-0.00668518
-0.00683862
-0.00703469
-0.00706555
-0.00706236
-0.00718967
-0.00732212
-0.0073709
-0.00743033
-0.00753888
-0.00763525
-0.00769448
-0.00775457
-0.0078322
-0.00791003
-0.00798578
-0.00806404
-0.00812922
-0.00818293
-0.00825171
-0.00833123
-0.00839951
-0.00845739
-0.00852107
-0.00859147
-0.00865887
-0.00872493
-0.00879048
-0.00885931
-0.0089281
-0.00899739
-0.00906834
-0.00913867
-0.00921264
-0.00928525
-0.00936107
-0.00943746
-0.00951456
-0.00959531
-0.00967468
-0.00975833
-0.00984216
-0.00992716
-0.0100157
-0.0101031
-0.0101933
-0.0102847
-0.0103751
-0.0104673
-0.0105604
-0.010646
-0.0107291
-0.00241057
-0.00215313
-0.00183302
-0.00154275
-0.00132042
-0.00118058
-0.0011369
-0.00119979
-0.0013535
-0.00156437
-0.0017863
-0.00199361
-0.00217892
-0.00234638
-0.00250217
-0.00263148
-0.00272645
-0.00279202
-0.00287315
-0.00302464
-0.00325781
-0.00353073
-0.00376797
-0.00392679
-0.00400729
-0.00406555
-0.00417133
-0.00435286
-0.00461435
-0.00488057
-0.00504883
-0.00508562
-0.00506167
-0.00514433
-0.00538115
-0.00563373
-0.00577374
-0.00576732
-0.0057274
-0.00580791
-0.00601368
-0.00621975
-0.00627399
-0.00620995
-0.00625491
-0.00646252
-0.00665659
-0.00669872
-0.00665745
-0.00676309
-0.00699088
-0.00706457
-0.00703384
-0.00713911
-0.00729592
-0.00735359
-0.0073974
-0.00750274
-0.00760826
-0.00767263
-0.00773249
-0.00780986
-0.00788706
-0.0079608
-0.00804234
-0.00811521
-0.0081693
-0.00823264
-0.00831335
-0.00838777
-0.00844722
-0.0085092
-0.00858037
-0.00865012
-0.00871721
-0.00878308
-0.00885268
-0.00892244
-0.00899241
-0.00906392
-0.00913482
-0.00920934
-0.00928242
-0.00935866
-0.00943545
-0.00951291
-0.00959398
-0.00967363
-0.00975753
-0.00984155
-0.00992675
-0.0100154
-0.0101029
-0.0101933
-0.0102848
-0.0103752
-0.0104675
-0.0105606
-0.0106463
-0.0107295
-0.00241117
-0.00218321
-0.0019033
-0.00166108
-0.00149152
-0.00140158
-0.00138536
-0.00144453
-0.00157011
-0.00174062
-0.00192592
-0.00210013
-0.00226267
-0.0024158
-0.00256733
-0.00270634
-0.00281804
-0.00289566
-0.00295791
-0.00306128
-0.00323783
-0.0034801
-0.00372902
-0.00392133
-0.00403041
-0.00407883
-0.00414523
-0.00428009
-0.00450616
-0.0047756
-0.00497653
-0.00505671
-0.00504312
-0.00507287
-0.00525961
-0.00551594
-0.00570138
-0.00574494
-0.00570709
-0.00574768
-0.00591974
-0.00613909
-0.00625445
-0.0062157
-0.00621583
-0.00638266
-0.00659295
-0.00669109
-0.00665712
-0.00669793
-0.00691993
-0.00705795
-0.0070238
-0.0070858
-0.00725743
-0.00733973
-0.00737066
-0.00746425
-0.00757774
-0.00765047
-0.00770993
-0.00778642
-0.00786573
-0.00793751
-0.0080177
-0.00809801
-0.00815718
-0.00821547
-0.00829392
-0.00837432
-0.00843741
-0.00849765
-0.00856844
-0.00864059
-0.00870928
-0.00877548
-0.00884564
-0.00891637
-0.00898711
-0.0090592
-0.00913068
-0.00920576
-0.00927936
-0.00935606
-0.00943327
-0.0095111
-0.00959251
-0.00967244
-0.00975664
-0.00984088
-0.0099263
-0.0100152
-0.0101028
-0.0101933
-0.0102849
-0.0103754
-0.0104678
-0.0105609
-0.0106466
-0.0107299
-0.00240059
-0.00220914
-0.00197467
-0.00177625
-0.0016481
-0.00159561
-0.00160713
-0.00167179
-0.00178242
-0.0019228
-0.00207542
-0.0022188
-0.00235325
-0.00248428
-0.00262164
-0.00276381
-0.00288975
-0.00298846
-0.00305514
-0.00312844
-0.00325257
-0.00344405
-0.00367879
-0.00389041
-0.00403621
-0.00410419
-0.00414875
-0.00424164
-0.00441801
-0.0046658
-0.00489022
-0.00501456
-0.00503424
-0.00503904
-0.00516493
-0.00539361
-0.00560717
-0.00571125
-0.00569815
-0.00570627
-0.00583656
-0.00604687
-0.00621036
-0.00622147
-0.00619763
-0.00631367
-0.00651587
-0.00665964
-0.00666749
-0.00666124
-0.00683437
-0.00702823
-0.00702966
-0.00704361
-0.00720466
-0.0073217
-0.00735242
-0.00742744
-0.00754319
-0.00762672
-0.0076881
-0.00776225
-0.00784409
-0.00791657
-0.00799257
-0.00807677
-0.00814488
-0.00820153
-0.00827425
-0.00835807
-0.00842699
-0.00848706
-0.00855643
-0.00863039
-0.00870116
-0.00876789
-0.00883839
-0.00890999
-0.00898157
-0.00905423
-0.00912626
-0.00920188
-0.009276
-0.00935314
-0.00943077
-0.009509
-0.00959076
-0.009671
-0.00975549
-0.00983996
-0.00992559
-0.0100146
-0.0101024
-0.0101931
-0.0102848
-0.0103753
-0.0104679
-0.010561
-0.0106468
-0.0107301
-0.00237812
-0.00222791
-0.002045
-0.0018925
-0.00180058
-0.00177368
-0.00180346
-0.00187406
-0.00197565
-0.00209589
-0.00222386
-0.00234477
-0.00245427
-0.00256186
-0.00267785
-0.00281006
-0.00294249
-0.00305896
-0.0031453
-0.00321233
-0.00330002
-0.00343899
-0.0036353
-0.0038447
-0.00401792
-0.00412129
-0.00417056
-0.00423431
-0.00436077
-0.00456776
-0.00479582
-0.00495515
-0.00502011
-0.00503039
-0.0051033
-0.00528666
-0.00550351
-0.00565356
-0.00568484
-0.00568531
-0.00577662
-0.00595687
-0.00614045
-0.00621101
-0.00619556
-0.00626537
-0.00643933
-0.00660431
-0.00666623
-0.00665418
-0.0067596
-0.00696848
-0.00703333
-0.00702347
-0.00714737
-0.00729145
-0.0073395
-0.00739683
-0.00750645
-0.00760036
-0.00766713
-0.0077385
-0.00782074
-0.00789664
-0.00796973
-0.00805308
-0.00812971
-0.00818949
-0.00825607
-0.00833977
-0.00841534
-0.00847736
-0.00854465
-0.0086193
-0.00869257
-0.00876037
-0.00883116
-0.00890355
-0.00897614
-0.00904948
-0.00912209
-0.00919827
-0.00927291
-0.00935053
-0.00942856
-0.00950717
-0.00958927
-0.00966981
-0.00975457
-0.00983927
-0.00992511
-0.0100143
-0.0101022
-0.0101931
-0.0102848
-0.0103755
-0.0104681
-0.0105612
-0.0106471
-0.0107305
-0.00234688
-0.00224101
-0.0021121
-0.00200707
-0.00194962
-0.00194325
-0.00198215
-0.00205277
-0.00214499
-0.00225018
-0.00236013
-0.00246586
-0.00255956
-0.00264914
-0.00274465
-0.00285766
-0.0029842
-0.00310877
-0.00321459
-0.00329253
-0.00336613
-0.00346618
-0.00361604
-0.00380241
-0.00398285
-0.00411733
-0.00419154
-0.00424692
-0.00433717
-0.00449644
-0.00470425
-0.00488415
-0.00499032
-0.00502592
-0.00507228
-0.0052093
-0.00540379
-0.00557575
-0.00565889
-0.0056768
-0.00573681
-0.00587963
-0.00606006
-0.00617894
-0.00619641
-0.00623651
-0.00637425
-0.00653904
-0.00664293
-0.00665875
-0.00671313
-0.00689371
-0.00701707
-0.00702067
-0.00709914
-0.0072484
-0.00732496
-0.00737426
-0.00747109
-0.00757122
-0.0076456
-0.00771602
-0.00779705
-0.00787677
-0.00794934
-0.00802872
-0.00811083
-0.00817777
-0.00824061
-0.00832047
-0.00840106
-0.00846729
-0.00853308
-0.0086071
-0.00868268
-0.00875208
-0.00882312
-0.00889598
-0.00896954
-0.00904363
-0.00911682
-0.00919358
-0.0092688
-0.00934697
-0.00942545
-0.00950452
-0.00958702
-0.00966792
-0.00975301
-0.00983798
-0.00992408
-0.0100136
-0.0101016
-0.0101927
-0.0102845
-0.0103753
-0.010468
-0.0105613
-0.0106472
-0.0107306
-0.00230895
-0.00224745
-0.00217126
-0.00211374
-0.00209091
-0.00210399
-0.00214757
-0.00221321
-0.00229379
-0.00238472
-0.00247983
-0.002574
-0.00266026
-0.00274021
-0.0028214
-0.00291522
-0.00302728
-0.00314813
-0.00326322
-0.00335644
-0.00343306
-0.00351403
-0.00362595
-0.00377821
-0.00394655
-0.00409656
-0.00419881
-0.0042648
-0.00433831
-0.00445695
-0.00463098
-0.00481138
-0.00494417
-0.00501451
-0.00506247
-0.00516055
-0.00532134
-0.00549502
-0.00561588
-0.00566382
-0.00571289
-0.00582525
-0.00598539
-0.00612706
-0.00618702
-0.0062229
-0.00632673
-0.00647644
-0.00660195
-0.0066578
-0.00669433
-0.00682718
-0.0069784
-0.00702178
-0.00706944
-0.00720098
-0.00730415
-0.0073587
-0.00744115
-0.00754144
-0.00762409
-0.00769663
-0.00777563
-0.00785739
-0.00793236
-0.0080083
-0.00809129
-0.00816621
-0.00822965
-0.00830404
-0.00838644
-0.00845835
-0.0085244
-0.00859668
-0.00867366
-0.00874514
-0.00881672
-0.00888979
-0.00896415
-0.00903902
-0.00911269
-0.00918992
-0.00926559
-0.00934422
-0.00942308
-0.0095025
-0.00958534
-0.00966653
-0.00975191
-0.00983711
-0.00992341
-0.0100131
-0.0101013
-0.0101924
-0.0102844
-0.0103752
-0.010468
-0.0105614
-0.0106473
-0.0107308
-0.00225215
-0.00223561
-0.00221396
-0.00220426
-0.00221417
-0.00224428
-0.00229112
-0.00235115
-0.00242054
-0.00249767
-0.00258014
-0.00266538
-0.00274789
-0.00282451
-0.00289905
-0.0029799
-0.00307581
-0.00318475
-0.00329818
-0.00340162
-0.00348756
-0.00356571
-0.00365602
-0.00377637
-0.00392168
-0.00406907
-0.00419037
-0.0042758
-0.00434954
-0.00444388
-0.00458211
-0.00474523
-0.00489051
-0.00499131
-0.00505519
-0.00513397
-0.00526285
-0.00541975
-0.00555778
-0.00564099
-0.00569858
-0.00578766
-0.00592034
-0.00606453
-0.00616145
-0.00621328
-0.00629339
-0.00642053
-0.00655033
-0.00663919
-0.00668615
-0.00677808
-0.00692323
-0.0070089
-0.00705312
-0.00715641
-0.00727181
-0.00734175
-0.00741533
-0.00751047
-0.00759884
-0.00767533
-0.00775317
-0.00783508
-0.00791365
-0.00798858
-0.00806881
-0.00814915
-0.00821754
-0.00828825
-0.00836886
-0.00844568
-0.00851439
-0.00858518
-0.00866236
-0.00873601
-0.00880876
-0.00888214
-0.00895722
-0.00903306
-0.00910743
-0.00918526
-0.0092615
-0.00934068
-0.00942002
-0.00949986
-0.0095831
-0.00966462
-0.00975033
-0.00983582
-0.00992239
-0.0100123
-0.0101007
-0.010192
-0.0102842
-0.0103751
-0.010468
-0.0105614
-0.0106473
-0.0107309
-0.00227035
-0.00227155
-0.00227184
-0.00228424
-0.002313
-0.00235609
-0.00240848
-0.0024665
-0.00252816
-0.00259432
-0.00266594
-0.00274252
-0.00282121
-0.00289789
-0.00297233
-0.00304769
-0.00313102
-0.0032261
-0.00333051
-0.00343539
-0.00353074
-0.00361597
-0.00370005
-0.00379811
-0.00391749
-0.00404978
-0.00417707
-0.00428166
-0.00436762
-0.00445426
-0.00456419
-0.00470145
-0.00484325
-0.00496266
-0.00505073
-0.00513014
-0.00523416
-0.00536639
-0.00550408
-0.00561331
-0.00569043
-0.00577166
-0.00588134
-0.0060125
-0.00612847
-0.00620593
-0.00628013
-0.00638565
-0.00650661
-0.00661316
-0.006684
-0.00675757
-0.0068772
-0.00698668
-0.00704891
-0.00713012
-0.00724038
-0.00732643
-0.00740004
-0.0074877
-0.00757752
-0.00765846
-0.00773706
-0.00781791
-0.00789855
-0.00797483
-0.00805216
-0.00813368
-0.00820755
-0.00827782
-0.00835501
-0.00843388
-0.0085062
-0.00857675
-0.00865309
-0.00872794
-0.00880191
-0.00887546
-0.00895075
-0.00902723
-0.00910214
-0.00918038
-0.00925704
-0.0093367
-0.00941648
-0.00949671
-0.00958036
-0.00966223
-0.00974829
-0.00983409
-0.00992091
-0.0100111
-0.0100997
-0.0101912
-0.0102835
-0.0103746
-0.0104676
-0.0105611
-0.0106471
-0.0107306
-0.00221861
-0.00225304
-0.00229331
-0.00233966
-0.0023913
-0.00244652
-0.00250286
-0.00255883
-0.00261454
-0.00267179
-0.00273313
-0.00280026
-0.00287318
-0.00294927
-0.00302568
-0.00310136
-0.00317895
-0.00326262
-0.00335426
-0.00345204
-0.0035499
-0.00364258
-0.00373032
-0.00381981
-0.00392014
-0.00403324
-0.00415308
-0.00426641
-0.00436659
-0.00445832
-0.00455531
-0.00466946
-0.0047967
-0.00492083
-0.00502838
-0.00511956
-0.00521402
-0.00532598
-0.00545136
-0.00557091
-0.00566905
-0.00575619
-0.00585291
-0.00596686
-0.0060849
-0.00618398
-0.00626634
-0.00635902
-0.00646704
-0.00657714
-0.00666809
-0.0067439
-0.0068407
-0.00695223
-0.00703645
-0.00711224
-0.0072099
-0.00730438
-0.00738425
-0.00746728
-0.00755574
-0.0076399
-0.00772071
-0.00780139
-0.0078828
-0.0079617
-0.00803844
-0.00811885
-0.00819679
-0.00826988
-0.00834454
-0.00842306
-0.00849892
-0.0085707
-0.00864598
-0.00872138
-0.00879692
-0.00887111
-0.00894659
-0.00902365
-0.00909919
-0.00917785
-0.00925485
-0.00933485
-0.00941496
-0.00949544
-0.00957933
-0.00966141
-0.00974765
-0.00983362
-0.00992056
-0.0100109
-0.0100995
-0.0101912
-0.0102835
-0.0103746
-0.0104677
-0.0105612
-0.0106472
-0.0107308
-0.00222006
-0.00227327
-0.00233714
-0.00240476
-0.0024716
-0.00253541
-0.00259528
-0.0026514
-0.00270496
-0.00275804
-0.00281352
-0.00287405
-0.00294112
-0.00301403
-0.00309032
-0.0031674
-0.00324437
-0.00332292
-0.0034059
-0.00349491
-0.00358852
-0.00368256
-0.00377398
-0.00386302
-0.00395486
-0.00405416
-0.00416202
-0.00427268
-0.00437864
-0.00447658
-0.00457168
-0.00467312
-0.00478599
-0.00490459
-0.00501803
-0.00511875
-0.00521371
-0.00531513
-0.00542875
-0.00554688
-0.00565424
-0.00574834
-0.0058417
-0.00594653
-0.00606063
-0.00616714
-0.00625683
-0.00634562
-0.00644552
-0.00655251
-0.00665071
-0.00673361
-0.00682013
-0.00692341
-0.00701926
-0.00709934
-0.00718674
-0.00728107
-0.00736756
-0.00744951
-0.00753535
-0.00762073
-0.00770347
-0.00778433
-0.00786522
-0.00794543
-0.00802292
-0.0081017
-0.00818052
-0.00825671
-0.00833105
-0.00840797
-0.00848544
-0.00855933
-0.00863456
-0.00870997
-0.00878673
-0.00886193
-0.00893778
-0.00901536
-0.00909164
-0.00917093
-0.00924848
-0.00932904
-0.00940973
-0.00949075
-0.00957514
-0.0096577
-0.00974438
-0.00983078
-0.0099181
-0.0100088
-0.0100978
-0.0101897
-0.0102823
-0.0103736
-0.0104668
-0.0105605
-0.0106465
-0.0107302
)
;

boundaryField
{
    zeroGradientPlanes
    {
        type            zeroGradient;
    }
    inlet
    {
        type            zeroGradient;
    }
    plate
    {
        type            zeroGradient;
    }
    frontAndBack
    {
        type            empty;
    }
}


// ************************************************************************* //
