/*--------------------------------*- C++ -*----------------------------------*\
  =========                 |
  \\      /  F ield         | OpenFOAM: The Open Source CFD Toolbox
   \\    /   O peration     | Website:  https://openfoam.org
    \\  /    A nd           | Version:  10
     \\/     M anipulation  |
\*---------------------------------------------------------------------------*/
FoamFile
{
    format      ascii;
    class       volScalarField;
    location    "1";
    object      p;
}
// * * * * * * * * * * * * * * * * * * * * * * * * * * * * * * * * * * * * * //

dimensions      [0 2 -2 0 0 0 0];

internalField   nonuniform List<scalar> 
4800
(
-1.95899e-11
4.24264e-05
-1.28845e-05
-0.000107611
-0.00020196
-0.000245554
-0.000324557
-0.000403205
-0.000392314
-0.000407238
-0.000414853
-0.000364647
-0.000307608
-0.00017486
-4.57089e-06
0.000276833
0.000659229
0.00114854
0.00178802
0.00250657
8.56392e-06
3.78972e-05
-9.74231e-06
-0.000108767
-0.000198356
-0.000248332
-0.000318152
-0.000406405
-0.000386293
-0.000406889
-0.000406958
-0.000365096
-0.000300808
-0.00017792
7.01867e-06
0.000267104
0.000649622
0.00107879
0.00156605
0.00212359
1.07507e-05
3.47171e-05
-7.78965e-06
-0.000109118
-0.000197033
-0.000249339
-0.000315972
-0.000406821
-0.000383764
-0.000403967
-0.0004045
-0.000363153
-0.000300432
-0.000177163
3.65322e-06
0.000249092
0.000591062
0.000951985
0.00135579
0.001843
1.95973e-05
3.0557e-05
-5.80305e-06
-0.000109065
-0.000195625
-0.000249112
-0.00031342
-0.000404275
-0.000385422
-0.000397974
-0.000403352
-0.000357681
-0.000296177
-0.000175153
-6.52702e-06
0.00022124
0.000512697
0.000798925
0.00115691
0.00160631
2.4353e-05
2.68035e-05
-4.61058e-06
-0.000107631
-0.000195052
-0.00024715
-0.000314196
-0.00040101
-0.0003849
-0.000392651
-0.000395925
-0.000352715
-0.000294739
-0.000180152
-2.74692e-05
0.000165289
0.000385355
0.000637712
0.000972692
0.00138876
3.19554e-05
2.43492e-05
-4.84888e-06
-0.000105246
-0.000196511
-0.00024255
-0.000315497
-0.000398277
-0.000379909
-0.000386149
-0.000390757
-0.000349111
-0.000297596
-0.000192818
-6.66681e-05
5.9962e-05
0.000249607
0.000494998
0.000804904
0.00118359
3.92171e-05
2.32763e-05
-6.62406e-06
-0.000101674
-0.000198529
-0.000239223
-0.000312392
-0.000396505
-0.000374823
-0.000378462
-0.00038648
-0.000346725
-0.000306188
-0.000225666
-0.000150545
-5.23665e-05
0.00013345
0.000366396
0.00064003
0.000977994
4.55734e-05
2.4621e-05
-1.07609e-05
-9.8417e-05
-0.000198122
-0.000240045
-0.000305775
-0.000390728
-0.000370579
-0.00037104
-0.000382671
-0.00035133
-0.000329568
-0.00030053
-0.000244596
-0.000142991
2.98216e-05
0.000235668
0.000470017
0.000768859
5.16262e-05
2.82509e-05
-1.28932e-05
-9.82935e-05
-0.000193132
-0.000238956
-0.00030186
-0.000380418
-0.000364713
-0.000366176
-0.000386492
-0.000372588
-0.00039035
-0.000381933
-0.000318545
-0.000221604
-7.77991e-05
9.54202e-05
0.000294241
0.000557497
5.7566e-05
3.28865e-05
-1.25199e-05
-0.000100541
-0.000188579
-0.000233163
-0.000297844
-0.000371818
-0.000357272
-0.000365407
-0.000404326
-0.000425538
-0.000458628
-0.000448725
-0.000382395
-0.000302143
-0.000193122
-5.42416e-05
0.000112466
0.000345291
6.29979e-05
3.75915e-05
-8.76223e-06
-0.000101131
-0.000189705
-0.000224431
-0.000288646
-0.00036619
-0.000353566
-0.000373031
-0.000449076
-0.000491179
-0.000517829
-0.000504874
-0.000449039
-0.000390417
-0.000316278
-0.000212603
-7.5419e-05
0.000132951
6.99423e-05
4.14428e-05
-1.63887e-06
-9.73413e-05
-0.000195112
-0.000220161
-0.00027449
-0.000360529
-0.000364022
-0.0003997
-0.000500393
-0.000548724
-0.000569229
-0.000563855
-0.000524689
-0.000487814
-0.00044694
-0.000378194
-0.000268475
-7.93888e-05
7.66217e-05
4.54399e-05
5.35389e-06
-8.60311e-05
-0.000195656
-0.000223303
-0.000266364
-0.000353844
-0.000390163
-0.000451451
-0.00054782
-0.00059361
-0.000618107
-0.000627834
-0.000610089
-0.000594694
-0.000583399
-0.000548477
-0.000464662
-0.000291132
8.5065e-05
5.04718e-05
1.07253e-05
-6.99256e-05
-0.000186765
-0.000233788
-0.000274097
-0.000357771
-0.000418371
-0.000498556
-0.000596795
-0.000643213
-0.000672491
-0.000698317
-0.000704761
-0.000711151
-0.000725473
-0.000721492
-0.000662058
-0.000502417
9.41904e-05
5.84567e-05
1.46109e-05
-5.75136e-05
-0.000167243
-0.000237854
-0.000302052
-0.000387889
-0.000444478
-0.000532257
-0.000641311
-0.00069796
-0.00073353
-0.000775024
-0.000807161
-0.000836997
-0.000874002
-0.000896533
-0.000860434
-0.000714638
0.000102847
7.04005e-05
2.15344e-05
-5.14683e-05
-0.000151211
-0.000234289
-0.000332121
-0.000443815
-0.000494448
-0.000562742
-0.000676331
-0.000751922
-0.000799902
-0.000857473
-0.000915455
-0.000970792
-0.00102924
-0.00107354
-0.00105853
-0.000926558
0.000112953
8.29135e-05
3.4534e-05
-4.90782e-05
-0.000148318
-0.000234857
-0.000356098
-0.000494909
-0.000555123
-0.000607903
-0.000714687
-0.000805183
-0.000871294
-0.000945558
-0.00102837
-0.00111027
-0.00119
-0.00125257
-0.00125556
-0.00113689
0.00012608
9.50242e-05
4.85937e-05
-4.21054e-05
-0.000160884
-0.000250556
-0.000374643
-0.000532475
-0.000615952
-0.000669132
-0.000765227
-0.000864776
-0.000948103
-0.00103957
-0.00114533
-0.00125372
-0.00135526
-0.00143448
-0.00145236
-0.00134539
0.000142517
0.000108136
5.8454e-05
-3.28229e-05
-0.000173858
-0.000284456
-0.000403121
-0.000563346
-0.000668743
-0.000732715
-0.000827653
-0.000933814
-0.00103299
-0.00114037
-0.00126711
-0.00140069
-0.00152422
-0.00161904
-0.00164874
-0.00155086
0.000160896
0.000123872
6.37978e-05
-3.15752e-05
-0.000184891
-0.000320802
-0.00044576
-0.000599142
-0.000714516
-0.000794764
-0.0008957
-0.00101221
-0.00112712
-0.00124952
-0.00139402
-0.00155021
-0.00169521
-0.00180536
-0.00184468
-0.0017534
0.000180308
0.000142171
6.76547e-05
-4.07909e-05
-0.000199402
-0.000353938
-0.000491674
-0.000643056
-0.000764191
-0.000857539
-0.000967815
-0.00109629
-0.00123007
-0.00136769
-0.0015267
-0.00170172
-0.00186683
-0.0019929
-0.00204113
-0.00195443
0.000200722
0.00016093
7.05348e-05
-5.65118e-05
-0.000222491
-0.000387406
-0.000537021
-0.00069188
-0.000819339
-0.000924632
-0.00104452
-0.00118439
-0.00133828
-0.00149452
-0.00166609
-0.00185567
-0.00203834
-0.00218034
-0.00223787
-0.00215445
0.000221696
0.000178324
7.18879e-05
-7.51086e-05
-0.000253634
-0.000425658
-0.000583123
-0.000743396
-0.000878991
-0.000996269
-0.00112758
-0.00127806
-0.00144918
-0.00162664
-0.00181199
-0.00201294
-0.00220942
-0.00236571
-0.00243304
-0.00235279
0.000241977
0.000193757
7.11957e-05
-9.54081e-05
-0.000287116
-0.000468872
-0.000633198
-0.000798301
-0.000942934
-0.00107248
-0.0012163
-0.00137835
-0.00156364
-0.00176123
-0.00196282
-0.00217431
-0.00238081
-0.00254825
-0.00262502
-0.0025485
0.00026068
0.000206679
6.7944e-05
-0.000117341
-0.000322931
-0.000515778
-0.000687811
-0.000857528
-0.00101146
-0.00115386
-0.00130978
-0.00148456
-0.00168331
-0.00189777
-0.00211591
-0.00233843
-0.00255283
-0.00272809
-0.00281275
-0.00274037
0.000276769
0.000216403
6.23708e-05
-0.000140863
-0.000360771
-0.000565486
-0.00074656
-0.000921439
-0.001084
-0.00124037
-0.00140872
-0.00159528
-0.00180777
-0.00203702
-0.00226992
-0.00250316
-0.00272463
-0.0029055
-0.00299592
-0.00292751
0.000289262
0.000222301
5.42822e-05
-0.000165695
-0.000400133
-0.000617385
-0.000808655
-0.000990645
-0.00116125
-0.00133065
-0.00151347
-0.00171082
-0.00193472
-0.00217783
-0.00242389
-0.00266721
-0.00289496
-0.00308033
-0.0031747
-0.00310957
0.000297295
0.000223975
4.33339e-05
-0.000191836
-0.000440378
-0.00067107
-0.000873407
-0.00106419
-0.00124415
-0.00142417
-0.00162157
-0.00183153
-0.00206353
-0.00231853
-0.00257716
-0.00282993
-0.00306321
-0.0032518
-0.00334893
-0.00328599
0.000300074
0.000220949
2.92284e-05
-0.000219469
-0.000481226
-0.000725743
-0.000940524
-0.00114057
-0.00133144
-0.00152209
-0.00173099
-0.00195522
-0.00219548
-0.00245846
-0.00272835
-0.0029899
-0.00322861
-0.00341926
-0.00351792
-0.00345608
0.000296897
0.000212701
1.17681e-05
-0.000248711
-0.000522541
-0.000780393
-0.00100897
-0.00121959
-0.00142093
-0.00162363
-0.00184253
-0.00207899
-0.0023297
-0.00259803
-0.00287606
-0.00314564
-0.00338993
-0.00358284
-0.00368176
-0.00361994
0.000287431
0.000198912
-9.31866e-06
-0.000279462
-0.000564188
-0.000834689
-0.00107698
-0.00130016
-0.0015121
-0.00172608
-0.00195586
-0.002202
-0.00246302
-0.00273744
-0.00302041
-0.00329651
-0.0035457
-0.00374146
-0.00384034
-0.00377756
0.000271114
0.000179206
-3.4228e-05
-0.000311629
-0.000605551
-0.000888023
-0.00114369
-0.00137979
-0.00160421
-0.00182867
-0.00206845
-0.00232385
-0.00259324
-0.00287457
-0.00316125
-0.00344159
-0.00369458
-0.00389292
-0.00399259
-0.00392877
0.000247559
0.000153361
-6.29754e-05
-0.000345068
-0.000646006
-0.000939235
-0.00120843
-0.00145707
-0.00169436
-0.00193074
-0.00217909
-0.00244287
-0.0027193
-0.00300633
-0.00329677
-0.00357983
-0.00383558
-0.00403553
-0.00413623
-0.00407209
0.000216531
0.000121334
-9.54068e-05
-0.000379404
-0.000685053
-0.000987048
-0.00126937
-0.00153128
-0.00178069
-0.00202905
-0.00228643
-0.00255737
-0.0028399
-0.00313096
-0.00342447
-0.00370971
-0.0039673
-0.00416779
-0.00426822
-0.00420364
0.000178048
8.3044e-05
-0.000131255
-0.000413911
-0.000721918
-0.00103095
-0.00132446
-0.00159995
-0.00186238
-0.00212128
-0.00238747
-0.00266572
-0.00295367
-0.00324791
-0.00354279
-0.00382911
-0.00408776
-0.00428833
-0.00438764
-0.00432186
0.00013266
3.88403e-05
-0.000170517
-0.000448186
-0.000755225
-0.00106952
-0.00137294
-0.00166018
-0.00193598
-0.00220689
-0.00248031
-0.00276487
-0.00305853
-0.00335612
-0.00365161
-0.00393699
-0.0041956
-0.00439637
-0.00449487
-0.00442705
8.17251e-05
-1.02695e-05
-0.000212964
-0.000483385
-0.000785665
-0.00110089
-0.00141303
-0.00171091
-0.00199695
-0.00228155
-0.00256379
-0.00285175
-0.00315054
-0.00345178
-0.0037489
-0.00403284
-0.00429001
-0.00449044
-0.00458818
-0.00451824
2.85449e-05
-6.19459e-05
-0.000257528
-0.000519839
-0.000816815
-0.00113022
-0.00144642
-0.00175333
-0.00204561
-0.00233885
-0.00263227
-0.00292463
-0.00322616
-0.00353065
-0.00382969
-0.00411347
-0.00436878
-0.00456978
-0.00467035
-0.00460373
-2.22033e-05
-0.000109861
-0.000298865
-0.000552823
-0.00084377
-0.00115546
-0.00147214
-0.00178486
-0.00208353
-0.00237638
-0.00267317
-0.00296624
-0.00325947
-0.00355624
-0.00384837
-0.00412512
-0.00437074
-0.00456214
-0.0046565
-0.00459022
-7.46948e-05
-0.000164505
-0.000351007
-0.000599809
-0.000886871
-0.00119911
-0.00151893
-0.00183887
-0.00214991
-0.00244991
-0.00275044
-0.00304822
-0.00333579
-0.00361627
-0.00388529
-0.00413149
-0.00433664
-0.0044768
-0.00451668
-0.00440409
0.00328759
0.00348387
0.00337365
0.00326417
0.00317701
0.00304387
0.00282033
0.00251644
0.00217431
0.00182584
0.00147668
0.00112444
0.000767391
0.000407679
4.91929e-05
-0.000312869
-0.000693001
-0.00110575
-0.00156385
-0.00207544
-0.00264755
-0.0032868
-0.00398905
-0.00474341
-0.00551524
-0.00624355
-0.00684293
-0.00722843
-0.00736038
-0.0072554
-0.0069882
-0.00665011
-0.00631058
-0.00600595
-0.00575765
-0.00557468
-0.00545016
-0.00537962
-0.00535241
-0.00535399
-0.00537705
-0.00542158
-0.00548244
-0.00554586
-0.00561351
-0.00568642
-0.00576393
-0.00584413
-0.00591723
-0.00599296
-0.00606872
-0.0061395
-0.00621381
-0.00628628
-0.00636249
-0.00643967
-0.00651327
-0.00659048
-0.00666487
-0.00673904
-0.00681146
-0.00688492
-0.00696733
-0.00704191
-0.00711734
-0.00719934
-0.00727348
-0.00734734
-0.00742333
-0.00750272
-0.00758048
-0.00765375
-0.00773648
-0.00780954
-0.0078738
-0.00795899
-0.00803788
-0.00809919
-0.0081759
-0.00824796
-0.00830174
-0.00837279
-0.00845518
-0.00850969
-0.00855492
-0.00862547
-0.00869628
-0.00874304
-0.00879303
-0.00885603
-0.00891058
-0.00895813
-0.00901114
-0.00906323
-0.00911047
-0.00915877
-0.009207
-0.00925115
-0.00929006
-0.00932749
0.00271273
0.00312574
0.00326627
0.00324377
0.00315795
0.00301212
0.0027849
0.00248417
0.00214603
0.00180007
0.00145205
0.00110042
0.000743956
0.000384651
2.67556e-05
-0.000334125
-0.000712737
-0.00112371
-0.00157973
-0.0020883
-0.00265573
-0.00328899
-0.00398377
-0.0047273
-0.00548643
-0.00620333
-0.00679753
-0.00718766
-0.00732882
-0.00723261
-0.00697172
-0.00663766
-0.00630015
-0.00599735
-0.00575055
-0.00556869
-0.00544478
-0.00537467
-0.00534786
-0.00534972
-0.005373
-0.00541776
-0.00547888
-0.00554252
-0.00561036
-0.00568346
-0.00576118
-0.00584155
-0.00591476
-0.00599068
-0.00606662
-0.00613752
-0.006212
-0.00628458
-0.00636092
-0.0064382
-0.00651187
-0.0065892
-0.00666366
-0.00673792
-0.00681041
-0.0068839
-0.00696641
-0.00704102
-0.00711649
-0.00719857
-0.00727273
-0.00734665
-0.00742266
-0.00750208
-0.00757991
-0.00765318
-0.00773598
-0.00780907
-0.00787329
-0.00795857
-0.00803752
-0.00809879
-0.00817556
-0.00824768
-0.00830142
-0.0083725
-0.00845497
-0.00850948
-0.00855468
-0.00862528
-0.00869615
-0.00874288
-0.00879287
-0.00885592
-0.00891048
-0.00895802
-0.00901105
-0.00906315
-0.0091104
-0.00915871
-0.00920695
-0.00925111
-0.00929002
-0.00932746
0.00240724
0.00292187
0.00321114
0.00327115
0.00318945
0.00301936
0.00277194
0.00246244
0.00212208
0.00177541
0.00142627
0.00107318
0.00071577
0.000355751
-2.93659e-06
-0.000363485
-0.000740439
-0.00114951
-0.00160335
-0.00210813
-0.00266847
-0.00329127
-0.0039721
-0.00469455
-0.005426
-0.00611449
-0.00668888
-0.00707484
-0.00723026
-0.00716076
-0.00692615
-0.00661056
-0.00628424
-0.00598802
-0.00574669
-0.0055689
-0.00544712
-0.00537755
-0.00535045
-0.00535184
-0.00537457
-0.00541873
-0.00547932
-0.00554252
-0.00561013
-0.00568298
-0.00576034
-0.00584048
-0.00591344
-0.00598918
-0.00606503
-0.00613588
-0.00621044
-0.00628303
-0.00635937
-0.00643667
-0.00651029
-0.00658761
-0.0066621
-0.00673646
-0.00680905
-0.0068826
-0.00696521
-0.00703982
-0.00711529
-0.00719746
-0.00727167
-0.00734565
-0.00742173
-0.0075012
-0.00757905
-0.00765233
-0.00773523
-0.0078084
-0.00787261
-0.00795795
-0.00803694
-0.00809819
-0.00817507
-0.00824725
-0.00830097
-0.00837208
-0.00845464
-0.00850916
-0.00855436
-0.00862501
-0.00869592
-0.00874265
-0.00879267
-0.00885576
-0.00891033
-0.00895788
-0.00901094
-0.00906306
-0.00911031
-0.00915863
-0.00920689
-0.00925107
-0.00929005
-0.0093275
0.00214565
0.00269917
0.00307934
0.00322123
0.00317661
0.00300717
0.00274595
0.00242546
0.00208124
0.0017348
0.00138642
0.00103356
0.00067657
0.000316644
-4.25766e-05
-0.000402549
-0.000777555
-0.00118401
-0.00163464
-0.00213408
-0.00268455
-0.00329258
-0.00395393
-0.00465116
-0.00535094
-0.00600736
-0.00655869
-0.00693961
-0.00711084
-0.00707174
-0.00686855
-0.00657626
-0.00626449
-0.00597703
-0.00574132
-0.00556709
-0.00544722
-0.00537805
-0.00535043
-0.00535132
-0.00537358
-0.0054172
-0.00547712
-0.00554
-0.00560767
-0.00568035
-0.00575748
-0.00583748
-0.0059102
-0.00598581
-0.00606165
-0.00613259
-0.0062074
-0.00628017
-0.00635662
-0.00643402
-0.00650758
-0.00658493
-0.00665956
-0.00673401
-0.00680681
-0.00688062
-0.0069633
-0.00703791
-0.00711344
-0.00719563
-0.00726989
-0.00734403
-0.00742021
-0.00749971
-0.00757754
-0.00765078
-0.00773378
-0.00780714
-0.0078714
-0.00795669
-0.00803566
-0.00809696
-0.00817394
-0.00824622
-0.00829999
-0.0083711
-0.00845367
-0.0085083
-0.0085536
-0.00862428
-0.0086952
-0.00874201
-0.0087921
-0.00885525
-0.00890984
-0.00895745
-0.00901055
-0.00906272
-0.00911
-0.00915837
-0.00920668
-0.00925089
-0.00929007
-0.00932756
0.0019015
0.00246918
0.00291369
0.00313273
0.00314467
0.00299548
0.00273081
0.00239883
0.00204567
0.00169557
0.0013463
0.000993082
0.000636269
0.000276662
-8.25129e-05
-0.000441807
-0.000814936
-0.00121804
-0.00166431
-0.00215738
-0.0026966
-0.00328744
-0.00392646
-0.00459618
-0.00526429
-0.00588963
-0.00641888
-0.00679486
-0.0069807
-0.00697116
-0.00680122
-0.00653563
-0.0062414
-0.00596434
-0.00573437
-0.00556336
-0.00544544
-0.00537701
-0.00534926
-0.00534999
-0.0053721
-0.00541529
-0.00547458
-0.00553721
-0.00560504
-0.00567757
-0.00575439
-0.00583417
-0.00590659
-0.00598195
-0.00605775
-0.00612873
-0.00620372
-0.00627671
-0.00635325
-0.00643072
-0.00650414
-0.00658142
-0.00665621
-0.00673071
-0.00680377
-0.00687794
-0.00696062
-0.00703526
-0.00711085
-0.00719293
-0.0072673
-0.00734168
-0.00741794
-0.00749749
-0.00757527
-0.00764837
-0.00773149
-0.00780517
-0.0078695
-0.00795462
-0.00803358
-0.00809497
-0.008172
-0.00824446
-0.00829841
-0.00836942
-0.00845191
-0.00850681
-0.00855234
-0.00862296
-0.00869385
-0.00874086
-0.00879109
-0.00885427
-0.00890892
-0.00895663
-0.0090098
-0.00906205
-0.0091094
-0.00915784
-0.00920623
-0.0092505
-0.00928996
-0.00932757
0.00166794
0.00224
0.00273594
0.0030224
0.0030948
0.0029807
0.00272455
0.00238295
0.00201607
0.00165732
0.00130481
0.000950325
0.000593185
0.000234115
-0.000124343
-0.000482616
-0.00085365
-0.00125268
-0.00169317
-0.00217872
-0.00270593
-0.00327842
-0.00389393
-0.0045362
-0.00517381
-0.00576941
-0.00627729
-0.00664775
-0.00684631
-0.00686439
-0.00672769
-0.00649055
-0.00621621
-0.00595105
-0.00572725
-0.0055594
-0.00544325
-0.00537553
-0.00534779
-0.00534852
-0.00537051
-0.00541328
-0.005472
-0.00553436
-0.00560234
-0.00567473
-0.00575108
-0.00583059
-0.00590267
-0.00597766
-0.00605341
-0.00612439
-0.00619958
-0.00627279
-0.00634938
-0.00642698
-0.0065002
-0.00657725
-0.00665226
-0.00672688
-0.00680021
-0.00687475
-0.00695745
-0.00703213
-0.0071077
-0.00718964
-0.00726417
-0.00733882
-0.00741516
-0.00749471
-0.00757243
-0.00764536
-0.00772857
-0.00780267
-0.00786708
-0.00795192
-0.00803084
-0.00809235
-0.00816938
-0.00824209
-0.0082963
-0.00836711
-0.00844942
-0.00850474
-0.0085506
-0.00862105
-0.00869188
-0.00873921
-0.00878961
-0.0088528
-0.00890753
-0.0089554
-0.00900865
-0.009061
-0.00910847
-0.00915699
-0.0092055
-0.00924985
-0.00928969
-0.00932747
0.00143693
0.00201228
0.00255028
0.00289596
0.0030261
0.0029543
0.00271718
0.00237239
0.00199109
0.00161973
0.00126125
0.000904283
0.000546138
0.000187349
-0.000170171
-0.000526534
-0.000894449
-0.00128883
-0.00172257
-0.00219912
-0.00271364
-0.00326729
-0.0038583
-0.00447293
-0.00508089
-0.00564797
-0.00613515
-0.00649938
-0.0067084
-0.00675175
-0.00664771
-0.00644045
-0.0061882
-0.00593665
-0.00571979
-0.00555514
-0.00544053
-0.0053734
-0.00534562
-0.00534638
-0.0053683
-0.00541071
-0.00546904
-0.00553115
-0.00559927
-0.0056716
-0.00574743
-0.0058266
-0.00589833
-0.00597288
-0.00604855
-0.0061196
-0.00619502
-0.00626846
-0.00634504
-0.0064228
-0.00649589
-0.00657262
-0.00664782
-0.00672269
-0.0067963
-0.00687121
-0.00695396
-0.00702866
-0.00710419
-0.00718599
-0.00726069
-0.00733564
-0.00741206
-0.0074916
-0.00756923
-0.00764196
-0.00772526
-0.00779984
-0.00786433
-0.00794882
-0.00802769
-0.00808934
-0.00816636
-0.00823933
-0.00829384
-0.00836439
-0.00844648
-0.00850229
-0.00854853
-0.00861875
-0.00868951
-0.00873723
-0.0087878
-0.00885099
-0.00890581
-0.00895388
-0.00900722
-0.00905969
-0.00910729
-0.00915591
-0.00920457
-0.00924902
-0.00928927
-0.00932727
0.00120638
0.00178628
0.00236017
0.00275873
0.0029414
0.00291352
0.00270224
0.00236268
0.00197006
0.00158357
0.00121558
0.000854688
0.000495146
0.000136327
-0.000220264
-0.000573781
-0.000937032
-0.00132611
-0.00175243
-0.00221827
-0.00271881
-0.00325318
-0.00381922
-0.00440613
-0.0049856
-0.00552567
-0.00599271
-0.00634971
-0.00656709
-0.0066333
-0.00656064
-0.00638413
-0.00615579
-0.00591982
-0.00571124
-0.00555023
-0.00543709
-0.00537034
-0.0053424
-0.00534322
-0.00536522
-0.00540741
-0.00546546
-0.00552745
-0.00559573
-0.00566806
-0.00574342
-0.00582218
-0.00589353
-0.00596759
-0.00604319
-0.00611435
-0.00619002
-0.00626377
-0.00634032
-0.00641819
-0.00649125
-0.00656767
-0.00664301
-0.00671812
-0.00679211
-0.00686743
-0.00695016
-0.00702489
-0.00710042
-0.00718205
-0.00725692
-0.0073322
-0.00740867
-0.00748821
-0.00756577
-0.00763826
-0.00772165
-0.00779677
-0.00786134
-0.00794541
-0.00802424
-0.00808605
-0.00816306
-0.00823629
-0.00829111
-0.0083614
-0.00844324
-0.00849959
-0.00854623
-0.00861619
-0.00868686
-0.00873502
-0.00878579
-0.00884896
-0.00890389
-0.00895216
-0.0090056
-0.00905819
-0.00910595
-0.00915467
-0.0092035
-0.00924807
-0.00928873
-0.009327
0.000976148
0.0015615
0.00216738
0.00261305
0.00284281
0.00285667
0.00267561
0.00234906
0.00195114
0.00154955
0.00116896
0.000802649
0.000441572
8.2371e-05
-0.000273834
-0.000624291
-0.000981295
-0.00136358
-0.00178178
-0.00223583
-0.00272107
-0.00323584
-0.00377722
-0.00433672
-0.00488849
-0.0054027
-0.00584987
-0.00619854
-0.00642233
-0.0065089
-0.0064659
-0.00632054
-0.00611802
-0.00589975
-0.00570115
-0.00554467
-0.00543313
-0.00536659
-0.00533826
-0.00533908
-0.0053613
-0.00540329
-0.00546111
-0.00552314
-0.00559169
-0.00566409
-0.00573899
-0.00581738
-0.00588831
-0.00596183
-0.0060374
-0.0061087
-0.00618467
-0.00625881
-0.00633528
-0.00641319
-0.00648621
-0.00656242
-0.00663789
-0.00671315
-0.00678756
-0.0068634
-0.00694609
-0.00702081
-0.00709638
-0.00717783
-0.00725287
-0.00732849
-0.00740501
-0.00748455
-0.00756206
-0.00763428
-0.00771775
-0.00779347
-0.00785812
-0.00794173
-0.00802051
-0.00808254
-0.00815952
-0.008233
-0.00828816
-0.00835819
-0.00843976
-0.00849666
-0.00854374
-0.00861343
-0.00868399
-0.00873263
-0.00878361
-0.00884675
-0.00890181
-0.00895029
-0.00900384
-0.00905656
-0.0091045
-0.00915332
-0.00920232
-0.00924703
-0.00928809
-0.00932668
0.000747685
0.00133858
0.00197307
0.00246053
0.00273248
0.00278489
0.00263555
0.00232786
0.00193198
0.00151831
0.00112324
0.000749158
0.000386066
2.63584e-05
-0.000330181
-0.000678099
-0.00102782
-0.00140118
-0.0018104
-0.00225238
-0.00272104
-0.00321527
-0.00373221
-0.00426482
-0.00478934
-0.00527854
-0.00570637
-0.00604609
-0.00627455
-0.00637917
-0.0063641
-0.00624965
-0.0060745
-0.0058761
-0.00568936
-0.00553859
-0.00542883
-0.00536231
-0.00533328
-0.00533379
-0.00535624
-0.00539808
-0.00545587
-0.00551818
-0.00558718
-0.00565978
-0.0057342
-0.00581227
-0.00588283
-0.00595567
-0.0060312
-0.00610268
-0.00617893
-0.00625349
-0.0063299
-0.00640783
-0.00648078
-0.00655677
-0.00663251
-0.00670794
-0.00678261
-0.00685903
-0.0069418
-0.00701644
-0.00709201
-0.00717333
-0.00724851
-0.00732449
-0.00740107
-0.0074806
-0.0075581
-0.00763006
-0.00771353
-0.00778988
-0.00785469
-0.0079378
-0.0080165
-0.00807875
-0.00815572
-0.00822947
-0.00828498
-0.00835475
-0.00843602
-0.0084935
-0.00854107
-0.00861046
-0.00868091
-0.00873006
-0.00878127
-0.00884437
-0.00889957
-0.00894827
-0.00900195
-0.0090548
-0.00910293
-0.00915186
-0.00920106
-0.00924592
-0.00928737
-0.00932632
0.000522591
0.00111832
0.00177723
0.00230152
0.00261204
0.0027004
0.00258229
0.00229695
0.00190943
0.00148882
0.00107951
0.00069494
0.000328788
-3.10581e-05
-0.000388313
-0.000734845
-0.00107729
-0.00143961
-0.00183799
-0.00226738
-0.00271864
-0.0031913
-0.00368391
-0.00419048
-0.00468864
-0.00515366
-0.00556275
-0.00589311
-0.00612461
-0.00624498
-0.00625585
-0.00617149
-0.00602464
-0.00584811
-0.00567504
-0.00553131
-0.00542393
-0.00535739
-0.00532748
-0.00532744
-0.00535004
-0.00539188
-0.00544986
-0.00551258
-0.00558209
-0.00565508
-0.00572894
-0.00580661
-0.00587701
-0.00594906
-0.00602448
-0.00609625
-0.00617272
-0.00624776
-0.00632421
-0.00640217
-0.006475
-0.00655061
-0.00662674
-0.0067025
-0.00677723
-0.0068542
-0.00693726
-0.0070118
-0.00708727
-0.00716849
-0.00724386
-0.00732019
-0.00739682
-0.00747634
-0.00755387
-0.00762556
-0.007709
-0.00778599
-0.00785102
-0.00793363
-0.00801219
-0.00807467
-0.00815166
-0.00822568
-0.00828158
-0.00835107
-0.00843201
-0.00849012
-0.00853822
-0.00860727
-0.0086776
-0.00872731
-0.00877877
-0.00884181
-0.00889717
-0.00894611
-0.00899992
-0.00905291
-0.00910125
-0.0091503
-0.00919969
-0.00924473
-0.00928655
-0.0093259
0.000301259
0.000901075
0.00157988
0.00213656
0.00248276
0.0026047
0.00251663
0.00225489
0.00187965
0.00145807
0.00103745
0.000640809
0.000269573
-9.00899e-05
-0.000447559
-0.000793538
-0.00112941
-0.00147919
-0.00186402
-0.00227999
-0.00271413
-0.00316507
-0.00363304
-0.00411386
-0.00458687
-0.0050287
-0.00541933
-0.0057399
-0.00597318
-0.00610714
-0.00614171
-0.00608625
-0.00596783
-0.00581476
-0.00565726
-0.00552223
-0.00541843
-0.00535218
-0.00532121
-0.00532026
-0.00534272
-0.00538452
-0.0054428
-0.00550602
-0.00557611
-0.00564977
-0.0057232
-0.00580038
-0.00587079
-0.00594214
-0.00601733
-0.00608937
-0.00616604
-0.00624157
-0.00631809
-0.00639608
-0.00646881
-0.00654393
-0.00662038
-0.00669669
-0.00677158
-0.00684892
-0.00693229
-0.00700688
-0.00708218
-0.00716323
-0.00723888
-0.0073156
-0.00739224
-0.00747173
-0.00754931
-0.00762074
-0.00770414
-0.00778181
-0.00784709
-0.00792917
-0.00800757
-0.00807029
-0.00814733
-0.00822164
-0.00827792
-0.00834713
-0.00842773
-0.00848648
-0.00853516
-0.00860386
-0.00867406
-0.00872435
-0.00877609
-0.00883906
-0.00889459
-0.00894379
-0.00899774
-0.00905089
-0.00909944
-0.00914862
-0.00919822
-0.00924345
-0.00928562
-0.00932541
8.34529e-05
0.000687217
0.00138199
0.00196637
0.00234556
0.0024989
0.00243942
0.00220124
0.00184073
0.00142329
0.000996185
0.000587758
0.000209098
-0.000150494
-0.000506628
-0.000852215
-0.00118316
-0.00152043
-0.00188937
-0.00229042
-0.00270789
-0.00313757
-0.00358021
-0.00403477
-0.0044837
-0.00490393
-0.00527648
-0.00558668
-0.00582087
-0.00596648
-0.00602231
-0.00599416
-0.00590386
-0.00577539
-0.00563559
-0.00551108
-0.00541205
-0.00534662
-0.00531432
-0.00531205
-0.00533417
-0.00537575
-0.00543442
-0.00549847
-0.0055693
-0.00564384
-0.00571708
-0.00579368
-0.00586401
-0.00593478
-0.00600971
-0.00608197
-0.00615883
-0.00623485
-0.0063115
-0.00638954
-0.00646227
-0.00653687
-0.00661341
-0.00669037
-0.00676572
-0.00684333
-0.00692682
-0.00700156
-0.00707678
-0.00715756
-0.00723351
-0.00731073
-0.00738733
-0.00746676
-0.00754443
-0.00761556
-0.00769894
-0.00777736
-0.00784287
-0.00792436
-0.00800264
-0.00806562
-0.00814269
-0.00821729
-0.008274
-0.00834291
-0.00842314
-0.00848258
-0.00853189
-0.00860021
-0.00867025
-0.00872119
-0.00877323
-0.00883611
-0.00889184
-0.00894131
-0.00899541
-0.00904872
-0.00909751
-0.00914683
-0.00919663
-0.00924208
-0.00928459
-0.00932483
-0.000132188
0.000476016
0.00118424
0.00179171
0.00220077
0.00238392
0.00235166
0.00213676
0.00179212
0.00138216
0.000953871
0.000536298
0.000148714
-0.000211845
-0.00056519
-0.000910094
-0.00123799
-0.00156379
-0.00191513
-0.00229887
-0.00269932
-0.00310857
-0.00352588
-0.00395344
-0.0043788
-0.00477939
-0.00513489
-0.00543401
-0.00566796
-0.00582372
-0.00589854
-0.00589575
-0.00583282
-0.00572954
-0.00560911
-0.00549677
-0.00540372
-0.00534008
-0.00530682
-0.00530298
-0.00532463
-0.00536579
-0.00542478
-0.00549
-0.00556161
-0.00563705
-0.00571028
-0.00578623
-0.00585646
-0.00592671
-0.00600156
-0.00607417
-0.00615114
-0.00622768
-0.00630447
-0.00638245
-0.00645524
-0.00652936
-0.00660586
-0.00668345
-0.00675942
-0.00683749
-0.00692099
-0.00699571
-0.00707097
-0.00715154
-0.00722774
-0.00730554
-0.00738211
-0.0074614
-0.00753918
-0.00761004
-0.00769337
-0.00777262
-0.00783836
-0.00791918
-0.00799735
-0.00806067
-0.00813773
-0.00821261
-0.00826981
-0.00833844
-0.00841825
-0.0084784
-0.00852841
-0.00859631
-0.00866617
-0.00871781
-0.00877017
-0.00883295
-0.00888889
-0.00893865
-0.00899291
-0.00904639
-0.00909543
-0.00914492
-0.00919492
-0.0092406
-0.00928345
-0.00932416
-0.00034782
0.000265906
0.000986926
0.00161404
0.00204952
0.00226073
0.002254
0.00206167
0.00173383
0.00133331
0.000907777
0.00048528
8.88307e-05
-0.000274417
-0.000624096
-0.000967086
-0.00129263
-0.00160827
-0.00194148
-0.00230555
-0.00268791
-0.00307767
-0.00347077
-0.00387124
-0.00427277
-0.00465496
-0.00499516
-0.0052829
-0.00551491
-0.00567963
-0.00577165
-0.00579179
-0.00575473
-0.00567674
-0.00557675
-0.00547838
-0.00539307
-0.00533232
-0.00529891
-0.00529339
-0.00531411
-0.00535473
-0.00541379
-0.00548024
-0.00555273
-0.00562912
-0.00570258
-0.00577808
-0.00584836
-0.00591802
-0.00599281
-0.00606607
-0.006143
-0.00621992
-0.00629689
-0.00637466
-0.00644757
-0.00652141
-0.00659788
-0.006676
-0.00675253
-0.00683126
-0.00691494
-0.00698939
-0.00706458
-0.00714517
-0.00722162
-0.00729994
-0.00737652
-0.00745561
-0.00753355
-0.00760419
-0.00768739
-0.0077675
-0.00783358
-0.00791367
-0.00799167
-0.00805539
-0.00813246
-0.00820759
-0.00826532
-0.00833367
-0.00841301
-0.00847392
-0.00852469
-0.00859214
-0.0086618
-0.0087142
-0.00876691
-0.00882956
-0.00888573
-0.0089358
-0.00899024
-0.0090439
-0.00909319
-0.00914287
-0.00919307
-0.009239
-0.00928219
-0.00932337
-0.000562963
5.6943e-05
0.00079084
0.00143531
0.00189327
0.00212971
0.00214668
0.00197611
0.00166622
0.00127639
0.000855716
0.000432756
2.98073e-05
-0.000337368
-0.000683249
-0.00102225
-0.00134518
-0.00165237
-0.00196836
-0.0023114
-0.00267424
-0.00304502
-0.00341576
-0.00378985
-0.00416655
-0.0045302
-0.00485718
-0.00513445
-0.00536251
-0.00553428
-0.00564204
-0.00568296
-0.0056699
-0.00561687
-0.00553817
-0.00545529
-0.00537959
-0.00532282
-0.00529007
-0.00528333
-0.00530268
-0.00534264
-0.0054016
-0.00546902
-0.00554267
-0.00562014
-0.00569402
-0.00576912
-0.00583952
-0.0059086
-0.00598309
-0.00605734
-0.00613456
-0.00621167
-0.00628889
-0.00636629
-0.00643919
-0.00651298
-0.00658942
-0.00666806
-0.00674511
-0.00682439
-0.00690857
-0.00698287
-0.00705763
-0.00713819
-0.00721513
-0.00729398
-0.0073705
-0.00744944
-0.00752759
-0.00759796
-0.00768093
-0.00776197
-0.00782857
-0.00790786
-0.00798553
-0.0080497
-0.00812689
-0.00820226
-0.00826049
-0.00832857
-0.00840744
-0.00846915
-0.00852071
-0.00858767
-0.00865712
-0.00871035
-0.00876343
-0.00882593
-0.00888236
-0.00893276
-0.00898738
-0.00904124
-0.0090908
-0.00914068
-0.00919109
-0.00923728
-0.0092808
-0.00932248
-0.000777071
-0.0001514
0.000595243
0.00125575
0.00173275
0.00199129
0.00203063
0.00188125
0.00158979
0.00121166
0.000796968
0.000376914
-2.84846e-05
-0.000399598
-0.000742501
-0.00107553
-0.00139499
-0.00169541
-0.00199565
-0.00231741
-0.00265929
-0.00301065
-0.00336053
-0.00370966
-0.00406108
-0.00440542
-0.0047204
-0.00498894
-0.00521168
-0.00538785
-0.00551021
-0.00557084
-0.00557961
-0.00555013
-0.00549312
-0.00542668
-0.00536215
-0.0053109
-0.0052796
-0.00527247
-0.00529054
-0.0053295
-0.00538826
-0.00545652
-0.00553137
-0.00560995
-0.00568431
-0.00575898
-0.00582963
-0.00589857
-0.00597254
-0.00604789
-0.00612595
-0.00620306
-0.0062803
-0.00635724
-0.00643002
-0.0065039
-0.00658034
-0.00665967
-0.00673732
-0.00681678
-0.00690157
-0.00697623
-0.00705031
-0.00713045
-0.00720814
-0.00728774
-0.00736405
-0.00744281
-0.00752126
-0.00759131
-0.00767398
-0.00775603
-0.00782324
-0.0079017
-0.00797894
-0.00804355
-0.00812096
-0.00819662
-0.00825534
-0.00832312
-0.0084015
-0.00846406
-0.00851649
-0.00858289
-0.00865212
-0.00870624
-0.00875972
-0.00882204
-0.00887875
-0.00892952
-0.00898431
-0.00903839
-0.00908823
-0.00913834
-0.00918895
-0.00923541
-0.00927928
-0.00932144
-0.000989665
-0.000359291
0.000399395
0.00107531
0.00156934
0.00184744
0.00190758
0.00177818
0.0015045
0.00113907
0.000731676
0.000316508
-8.72757e-05
-0.000460726
-0.000801797
-0.00112761
-0.00144184
-0.00173637
-0.00202263
-0.00232383
-0.00264385
-0.00297461
-0.00330469
-0.00363112
-0.00395784
-0.00428174
-0.00458456
-0.00484626
-0.00506413
-0.005242
-0.00537673
-0.0054562
-0.00548471
-0.00547647
-0.005441
-0.00539192
-0.00533986
-0.00529586
-0.00526718
-0.00526042
-0.00527793
-0.00531582
-0.00537398
-0.005443
-0.00551871
-0.00559815
-0.00567325
-0.0057476
-0.00581864
-0.00588793
-0.00596131
-0.00603748
-0.00611661
-0.00619391
-0.00627118
-0.00634771
-0.00642024
-0.00649414
-0.00657055
-0.00665066
-0.00672915
-0.00680861
-0.00689379
-0.00696919
-0.00704285
-0.00712216
-0.00720039
-0.00728109
-0.00735728
-0.0074357
-0.0075145
-0.00758429
-0.00766654
-0.00774961
-0.00781752
-0.0078952
-0.00797203
-0.00803702
-0.00811457
-0.00819062
-0.0082499
-0.00831728
-0.00839512
-0.00845866
-0.00851203
-0.00857778
-0.00864677
-0.00870188
-0.00875578
-0.00881788
-0.0088749
-0.00892607
-0.00898104
-0.00903536
-0.00908548
-0.00913584
-0.00918667
-0.00923339
-0.00927762
-0.00932026
-0.00119889
-0.000565266
0.0002037
0.000894101
0.0014042
0.0016999
0.00177867
0.00166728
0.00141041
0.00105861
0.000660287
0.00025132
-0.000148242
-0.00052131
-0.000860949
-0.00117921
-0.00148586
-0.00177417
-0.00204846
-0.00233036
-0.0026283
-0.00293752
-0.00324825
-0.00355437
-0.00385776
-0.00416081
-0.00445052
-0.0047063
-0.00492066
-0.00509812
-0.00524153
-0.00533847
-0.00538629
-0.00539716
-0.00538204
-0.005351
-0.00531233
-0.00527689
-0.00525231
-0.00524682
-0.00526442
-0.00530172
-0.00535876
-0.00542815
-0.00550477
-0.00558467
-0.00566081
-0.00573508
-0.00580617
-0.00587631
-0.00594947
-0.00602621
-0.00610642
-0.00618417
-0.00626185
-0.00633785
-0.00640976
-0.00648363
-0.00655989
-0.00664082
-0.00672055
-0.00680017
-0.00688537
-0.00696138
-0.00703507
-0.00711362
-0.00719189
-0.00727379
-0.00735022
-0.0074281
-0.00750719
-0.0075769
-0.00765865
-0.00774267
-0.0078114
-0.00788832
-0.00796472
-0.00803005
-0.00810767
-0.0081842
-0.00824421
-0.00831112
-0.00838827
-0.0084529
-0.00850732
-0.00857233
-0.00864105
-0.00869725
-0.00875159
-0.00881344
-0.00887079
-0.0089224
-0.00897754
-0.00903211
-0.00908253
-0.00913317
-0.00918421
-0.0092312
-0.00927581
-0.00931892
-0.00140437
-0.000768688
8.32686e-06
0.000711666
0.00123725
0.00154933
0.0016449
0.00154961
0.00130843
0.000970786
0.000582959
0.000181424
-0.000212421
-0.000582183
-0.000919361
-0.00123036
-0.0015273
-0.00180806
-0.0020723
-0.00233665
-0.00261306
-0.00290063
-0.00319184
-0.00347967
-0.00376191
-0.00404405
-0.00431895
-0.00456823
-0.00478052
-0.00495729
-0.00510602
-0.0052181
-0.00528553
-0.0053139
-0.00531646
-0.00530323
-0.00527891
-0.00525314
-0.00523402
-0.00523118
-0.00524934
-0.00528683
-0.00534317
-0.00541213
-0.00548983
-0.00556987
-0.00564664
-0.00572119
-0.00579203
-0.00586353
-0.00593713
-0.00601416
-0.00609535
-0.00617346
-0.00625187
-0.00632762
-0.00639862
-0.00647254
-0.00654848
-0.00663001
-0.00671136
-0.00679136
-0.00687646
-0.00695284
-0.00702658
-0.00710479
-0.00718308
-0.00726582
-0.00734252
-0.00741998
-0.00749945
-0.00756921
-0.0076503
-0.00773517
-0.00780486
-0.00788101
-0.00795694
-0.00802271
-0.00810036
-0.00817731
-0.00823819
-0.00830461
-0.00838097
-0.00844676
-0.00850235
-0.00856653
-0.00863495
-0.00869232
-0.00874713
-0.00880871
-0.0088664
-0.00891849
-0.0089738
-0.00902865
-0.00907939
-0.00913032
-0.00918158
-0.00922884
-0.00927384
-0.00931741
-0.00160684
-0.000969121
-0.000185665
0.00052866
0.00106862
0.00139624
0.00150735
0.00142678
0.00119985
0.000876206
0.000499753
0.00010708
-0.000279578
-0.000643902
-0.000976915
-0.00128104
-0.00156738
-0.00183884
-0.0020939
-0.00234266
-0.0025985
-0.00286515
-0.00313644
-0.00340665
-0.00366998
-0.00393165
-0.00419063
-0.00443263
-0.00464377
-0.00482061
-0.0049725
-0.00509593
-0.00518195
-0.00522754
-0.00524513
-0.00524848
-0.00523935
-0.00522439
-0.00521156
-0.00521277
-0.00523269
-0.00527092
-0.00532761
-0.00539553
-0.00547361
-0.00555382
-0.0056304
-0.00570567
-0.00577644
-0.00584918
-0.0059239
-0.00600126
-0.00608355
-0.00616182
-0.00624082
-0.00631709
-0.00638728
-0.00646095
-0.00653642
-0.00661813
-0.00670121
-0.00678193
-0.00686719
-0.00694392
-0.00701725
-0.00709525
-0.00717413
-0.00725742
-0.00733396
-0.00741126
-0.00749142
-0.00756114
-0.00764135
-0.00772705
-0.00779792
-0.00787332
-0.00794871
-0.00801497
-0.00809264
-0.00816994
-0.00823177
-0.00829773
-0.00837324
-0.00844025
-0.00849708
-0.00856035
-0.00862846
-0.00868711
-0.00874241
-0.00880367
-0.00886173
-0.00891436
-0.00896983
-0.00902495
-0.00907603
-0.00912727
-0.00917877
-0.00922628
-0.00927168
-0.00931571
-0.00180652
-0.0011658
-0.000376623
0.000346625
0.000898937
0.00124097
0.00136681
0.0013003
0.00108625
0.000775807
0.00041118
2.83805e-05
-0.000349815
-0.000707389
-0.00103471
-0.00133163
-0.00160723
-0.00186756
-0.00211258
-0.00234771
-0.00258455
-0.00283119
-0.00308232
-0.00333478
-0.00358167
-0.00382476
-0.0040676
-0.00430088
-0.0045106
-0.00468807
-0.00484228
-0.00497352
-0.00507529
-0.00513879
-0.00516995
-0.00518732
-0.00519313
-0.00519017
-0.00518459
-0.00519068
-0.00521428
-0.00525362
-0.00531121
-0.00537863
-0.005456
-0.00553648
-0.00561262
-0.00568842
-0.00575946
-0.00583305
-0.00590949
-0.0059876
-0.00607117
-0.00614963
-0.00622842
-0.00630571
-0.00637577
-0.00644878
-0.00652377
-0.00660549
-0.00668997
-0.0067717
-0.00685738
-0.00693465
-0.00700745
-0.00708481
-0.00716454
-0.00724886
-0.00732495
-0.00740167
-0.00748274
-0.0075527
-0.00763193
-0.00771841
-0.00779063
-0.00786526
-0.00793991
-0.00800661
-0.00808447
-0.00816224
-0.00822499
-0.00829036
-0.00836503
-0.00843342
-0.0084915
-0.00855374
-0.00862158
-0.00868164
-0.00873738
-0.0087983
-0.00885677
-0.00890998
-0.00896561
-0.00902099
-0.00907246
-0.00912403
-0.00917576
-0.00922352
-0.00926934
-0.00931382
-0.00200341
-0.00135869
-0.000563917
0.000166677
0.000728997
0.00108388
0.00122367
0.00117094
0.000969113
0.000670583
0.000317694
-5.47463e-05
-0.000423479
-0.000772804
-0.00109277
-0.00138153
-0.00164647
-0.00189492
-0.00212856
-0.0023516
-0.00257136
-0.00279865
-0.00303052
-0.00326525
-0.00349714
-0.00372393
-0.00395096
-0.00417373
-0.00438108
-0.00455958
-0.00471597
-0.00485282
-0.00496627
-0.00504712
-0.00509199
-0.0051208
-0.00514013
-0.00515012
-0.00515326
-0.00516431
-0.005193
-0.00523477
-0.00529336
-0.00536159
-0.00543787
-0.00551781
-0.00559352
-0.00566947
-0.0057408
-0.0058151
-0.00589363
-0.00597287
-0.00605787
-0.00613697
-0.00621479
-0.00629297
-0.00636383
-0.00643626
-0.0065109
-0.00659246
-0.00667752
-0.00676027
-0.00684673
-0.00692486
-0.00699765
-0.00707384
-0.00715367
-0.00723993
-0.0073161
-0.00739121
-0.007473
-0.00754407
-0.00762234
-0.00770913
-0.00778271
-0.00785674
-0.00793068
-0.00799776
-0.00807577
-0.00815423
-0.00821792
-0.0082824
-0.00835623
-0.00842635
-0.00848568
-0.00854666
-0.00861425
-0.00867588
-0.00873207
-0.0087926
-0.00885149
-0.00890535
-0.00896113
-0.00901678
-0.00906867
-0.00912058
-0.00917255
-0.00922056
-0.00926679
-0.00931172
-0.00219763
-0.00154833
-0.000747795
-1.05025e-05
0.000560061
0.000926006
0.00107868
0.00103927
0.000849519
0.000561751
0.000220164
-0.000141593
-0.000499979
-0.000839684
-0.001151
-0.00143132
-0.00168587
-0.00192242
-0.00214345
-0.00235423
-0.00255891
-0.00276772
-0.00298179
-0.00319877
-0.00341586
-0.00362873
-0.00384127
-0.0040524
-0.00425576
-0.00443564
-0.00459387
-0.00473518
-0.00485677
-0.00495259
-0.00501226
-0.00505082
-0.00508086
-0.00510353
-0.00511716
-0.0051336
-0.00516784
-0.00521421
-0.00527428
-0.0053437
-0.0054193
-0.00549798
-0.00557288
-0.00564887
-0.00572053
-0.00579547
-0.0058764
-0.00595682
-0.00604319
-0.00612389
-0.00620062
-0.00627882
-0.00635095
-0.00642336
-0.00649784
-0.00657911
-0.00666409
-0.00674766
-0.0068352
-0.00691434
-0.00698764
-0.00706272
-0.00714164
-0.00722992
-0.00730741
-0.0073805
-0.00746212
-0.00753481
-0.00761238
-0.00769911
-0.00777428
-0.00784802
-0.00792115
-0.00798827
-0.00806625
-0.00814581
-0.00821079
-0.00827393
-0.00834672
-0.00841903
-0.00847967
-0.00853906
-0.00860643
-0.00866987
-0.00872648
-0.00878652
-0.00884591
-0.00890047
-0.00895641
-0.00901229
-0.00906463
-0.00911694
-0.00916911
-0.00921737
-0.00926404
-0.00930937
-0.00238864
-0.00173482
-0.000928237
-0.000184364
0.00039357
0.000768828
0.000933071
0.000905989
0.000728211
0.000450697
0.000119599
-0.000231406
-0.000578918
-0.000908299
-0.00121036
-0.00148198
-0.00172592
-0.00194997
-0.00215785
-0.00235568
-0.00254704
-0.00273879
-0.00293594
-0.003136
-0.00333831
-0.00353885
-0.00373853
-0.00393814
-0.00413572
-0.00431694
-0.00447686
-0.00462162
-0.00474914
-0.00485609
-0.00493008
-0.00497789
-0.00501634
-0.00505046
-0.00507616
-0.00509934
-0.00513865
-0.00519104
-0.00525373
-0.00532419
-0.00539967
-0.00547765
-0.00555098
-0.00562659
-0.00569941
-0.00577438
-0.00585735
-0.0059394
-0.00602666
-0.00610998
-0.00618629
-0.00626348
-0.0063369
-0.00640975
-0.00648432
-0.00656567
-0.00665012
-0.00673396
-0.00682263
-0.00690267
-0.00697676
-0.00705181
-0.00712947
-0.00721854
-0.00729812
-0.00737001
-0.00745048
-0.00752445
-0.00760194
-0.00768881
-0.00776552
-0.00783887
-0.00791105
-0.00797819
-0.00805607
-0.00813702
-0.00820363
-0.00826501
-0.00833639
-0.00841132
-0.0084735
-0.00853107
-0.00859817
-0.00866356
-0.00872058
-0.00878012
-0.00884002
-0.0088953
-0.0089514
-0.00900749
-0.00906035
-0.00911307
-0.00916543
-0.00921394
-0.00926106
-0.00930681
-0.00257548
-0.00191762
-0.0011048
-0.000354412
0.000230468
0.000613657
0.000787918
0.000772044
0.00060571
0.000338404
1.68589e-05
-0.000323633
-0.00066021
-0.000978832
-0.00127109
-0.00153325
-0.00176634
-0.00197769
-0.0021727
-0.0023573
-0.00253583
-0.00271236
-0.0028929
-0.00307727
-0.00326507
-0.00345395
-0.00364273
-0.00383205
-0.00402261
-0.00420379
-0.00436557
-0.00451242
-0.00464419
-0.00475866
-0.00484501
-0.00490302
-0.00494886
-0.00499201
-0.00502975
-0.0050616
-0.0051056
-0.00516421
-0.00523107
-0.00530307
-0.00537855
-0.00545657
-0.00552855
-0.00560259
-0.00567734
-0.00575219
-0.00583605
-0.00592083
-0.00600855
-0.00609426
-0.00617173
-0.00624755
-0.0063218
-0.0063953
-0.00646991
-0.00655198
-0.006636
-0.00671947
-0.0068091
-0.00688978
-0.0069647
-0.00704098
-0.00711765
-0.00720601
-0.00728746
-0.00735938
-0.00743882
-0.00751343
-0.00759067
-0.00767779
-0.00775623
-0.00782937
-0.0079007
-0.00796766
-0.00804509
-0.00812767
-0.00819632
-0.00825569
-0.00832537
-0.00840327
-0.00846715
-0.00852262
-0.00858943
-0.00865693
-0.00871442
-0.00877337
-0.00883378
-0.00888986
-0.00894612
-0.0090024
-0.0090558
-0.00910898
-0.00916152
-0.00921026
-0.00925786
-0.009304
-0.00275749
-0.00209608
-0.00127721
-0.000520316
7.1012e-05
0.000461276
0.000644013
0.000638309
0.000482596
0.000225616
-8.66972e-05
-0.000417409
-0.000743398
-0.00105111
-0.00133288
-0.00158513
-0.00180762
-0.00200674
-0.00218882
-0.00236017
-0.00252552
-0.00268832
-0.00285298
-0.00302265
-0.00319703
-0.00337453
-0.00355396
-0.00373411
-0.00391725
-0.0040964
-0.00426015
-0.0044084
-0.00454284
-0.00466254
-0.0047583
-0.00482657
-0.00487917
-0.00492918
-0.00497775
-0.00502021
-0.00506975
-0.00513362
-0.00520571
-0.00528025
-0.00535578
-0.00543368
-0.00550557
-0.00557776
-0.00565367
-0.00572975
-0.00581327
-0.0059006
-0.00598929
-0.00607587
-0.00615618
-0.00623201
-0.00630577
-0.00638003
-0.00645451
-0.00653725
-0.00662207
-0.00670481
-0.00679468
-0.00687592
-0.00695117
-0.0070293
-0.00710598
-0.00719317
-0.00727597
-0.00734811
-0.0074269
-0.00750208
-0.00757842
-0.00766568
-0.00774663
-0.0078201
-0.00789024
-0.00795634
-0.0080331
-0.00811791
-0.00818897
-0.00824589
-0.00831378
-0.00839496
-0.00846039
-0.00851364
-0.00858039
-0.00865003
-0.00870784
-0.00876624
-0.00882729
-0.00888419
-0.00894058
-0.00899701
-0.00905102
-0.0091047
-0.00915733
-0.00920629
-0.00925441
-0.00930092
-0.00293409
-0.00226957
-0.00144519
-0.000681782
-8.42884e-05
0.000312479
0.000502585
0.000505838
0.000360117
0.000113195
-0.000189768
-0.000511815
-0.000828018
-0.0011252
-0.001396
-0.00163793
-0.00185007
-0.00203756
-0.00220683
-0.00236481
-0.00251679
-0.0026666
-0.00281716
-0.00297261
-0.00313441
-0.00330072
-0.00347159
-0.00364402
-0.00382033
-0.00399635
-0.00416121
-0.00431086
-0.00444623
-0.00456881
-0.00467079
-0.00474806
-0.00480762
-0.00486378
-0.00492157
-0.00497512
-0.00503207
-0.0050999
-0.00517701
-0.00525487
-0.00533075
-0.0054086
-0.00548146
-0.00555337
-0.00562877
-0.00570685
-0.00579024
-0.00587771
-0.00596869
-0.00605565
-0.00613852
-0.0062169
-0.00628926
-0.00636398
-0.00643857
-0.00652069
-0.00660796
-0.00669055
-0.00677921
-0.00686147
-0.00693651
-0.00701595
-0.007094
-0.00718067
-0.00726448
-0.00733595
-0.00741371
-0.00749068
-0.00756623
-0.00765257
-0.00773611
-0.00781055
-0.00787978
-0.00794457
-0.00802013
-0.00810776
-0.00818169
-0.0082355
-0.00830151
-0.00838652
-0.00845335
-0.00850409
-0.00857101
-0.00864285
-0.00870091
-0.0087588
-0.00882052
-0.00887825
-0.00893476
-0.00899133
-0.00904599
-0.00910017
-0.00915286
-0.00920208
-0.00925069
-0.00929754
-0.00310427
-0.00243736
-0.00160817
-0.0008386
-0.000234759
0.000168113
0.000365007
0.000375825
0.00023915
1.41323e-06
-0.000292327
-0.000606114
-0.000913546
-0.00120076
-0.00146073
-0.00169173
-0.0018938
-0.0020702
-0.00222724
-0.00237186
-0.00251055
-0.00264749
-0.00278535
-0.00292735
-0.00307694
-0.0032331
-0.00339595
-0.00356239
-0.00373261
-0.00390479
-0.00406922
-0.0042198
-0.00435497
-0.00447793
-0.00458377
-0.00466815
-0.00473495
-0.00479709
-0.0048628
-0.00492667
-0.0049924
-0.00506398
-0.00514462
-0.0052264
-0.00530322
-0.00538181
-0.00545575
-0.00552884
-0.00560392
-0.00568256
-0.00576728
-0.00585326
-0.00594607
-0.00603487
-0.00611816
-0.00620058
-0.00627319
-0.00634734
-0.00642267
-0.00650284
-0.00659251
-0.00667642
-0.0067631
-0.0068472
-0.00692164
-0.00700028
-0.0070809
-0.00716817
-0.0072531
-0.00732388
-0.00739941
-0.00747847
-0.00755432
-0.00763863
-0.00772395
-0.00780062
-0.00787004
-0.00793278
-0.00800599
-0.00809703
-0.00817446
-0.00822439
-0.00828855
-0.00837824
-0.00844613
-0.00849382
-0.00856129
-0.00863561
-0.00869367
-0.00875094
-0.00881346
-0.00887208
-0.00892861
-0.0089853
-0.00904071
-0.00909548
-0.00914816
-0.00919757
-0.00924673
-0.00929386
-0.00326752
-0.00259875
-0.00176546
-0.000990429
-0.000380155
2.8858e-05
0.000232139
0.000249511
0.000120342
-0.000109086
-0.000394158
-0.000699345
-0.000998782
-0.00127691
-0.00152706
-0.00174729
-0.00193909
-0.00210478
-0.00225018
-0.00238203
-0.0025073
-0.00263143
-0.0027573
-0.00288738
-0.0030253
-0.0031722
-0.00332752
-0.00348889
-0.00365406
-0.00382207
-0.00398495
-0.0041353
-0.00426969
-0.00439112
-0.0044985
-0.00458782
-0.00466182
-0.00473003
-0.00480274
-0.00487594
-0.00495049
-0.0050273
-0.00510952
-0.00519467
-0.00527312
-0.00535249
-0.00542825
-0.00550299
-0.00558004
-0.00565784
-0.00574364
-0.00582925
-0.00592085
-0.00601269
-0.00609613
-0.00618158
-0.00625792
-0.00633089
-0.00640649
-0.00648467
-0.00657475
-0.0066616
-0.00674744
-0.00683323
-0.0069071
-0.00698289
-0.00706589
-0.00715504
-0.00724164
-0.00731299
-0.00738512
-0.00746414
-0.00754172
-0.00762536
-0.00771108
-0.00778958
-0.00786039
-0.00792102
-0.0079909
-0.00808572
-0.0081673
-0.00821274
-0.00827492
-0.00836989
-0.00843872
-0.00848299
-0.00855119
-0.00862814
-0.00868612
-0.00874277
-0.00880614
-0.00886566
-0.0089222
-0.00897903
-0.00903526
-0.00909054
-0.00914312
-0.00919282
-0.00924256
-0.0092899
-0.00342357
-0.00275266
-0.00191591
-0.00113613
-0.000520123
-0.000104961
0.000104251
0.000127767
4.86386e-06
-0.000217198
-0.000494527
-0.000791384
-0.00108312
-0.00135338
-0.00159483
-0.00180517
-0.0019862
-0.00214137
-0.00227542
-0.00239529
-0.00250761
-0.00261913
-0.00273316
-0.00285222
-0.00297957
-0.00311787
-0.00326687
-0.0034238
-0.00358518
-0.00374902
-0.00390931
-0.00405793
-0.00419046
-0.00430921
-0.00441599
-0.00450828
-0.00458862
-0.00466334
-0.00474263
-0.00482472
-0.00490701
-0.00498979
-0.00507288
-0.00515932
-0.0052404
-0.00532044
-0.00539942
-0.00547631
-0.00555635
-0.0056342
-0.00571873
-0.00580563
-0.00589427
-0.00598798
-0.00607418
-0.00616022
-0.00624134
-0.00631484
-0.00638981
-0.00646708
-0.00655555
-0.00664497
-0.00673173
-0.00681904
-0.00689356
-0.0069655
-0.00704846
-0.00714059
-0.00722979
-0.0073028
-0.00737237
-0.00744855
-0.00752728
-0.00761309
-0.0076984
-0.00777671
-0.00785044
-0.00790998
-0.00797547
-0.00807401
-0.00816009
-0.00820051
-0.00826065
-0.00836146
-0.00843127
-0.0084718
-0.00854065
-0.00862036
-0.00867835
-0.00873431
-0.00879853
-0.00885905
-0.00891556
-0.00897242
-0.0090295
-0.00908533
-0.00913784
-0.00918781
-0.00923808
-0.00928563
-0.00357286
-0.0028992
-0.00205916
-0.00127517
-0.000654412
-0.000233753
-1.89588e-05
1.0482e-05
-0.000106449
-0.000322201
-0.000592758
-0.000882482
-0.00116672
-0.00142981
-0.00166325
-0.00186478
-0.00203546
-0.00218
-0.00230292
-0.00241126
-0.0025115
-0.00261039
-0.00271263
-0.00282128
-0.00294007
-0.00307109
-0.00321493
-0.00336795
-0.00352622
-0.00368627
-0.00384254
-0.00398797
-0.00411711
-0.00423223
-0.00433677
-0.00443051
-0.00451642
-0.00459848
-0.00468416
-0.00477363
-0.00486264
-0.00495085
-0.00503563
-0.00512166
-0.00520539
-0.00528658
-0.00536893
-0.0054492
-0.00553134
-0.00561147
-0.00569416
-0.00578147
-0.00586858
-0.00596155
-0.00605171
-0.00613786
-0.00622187
-0.00629928
-0.00637407
-0.00645004
-0.00653599
-0.00662587
-0.0067151
-0.00680467
-0.00688087
-0.00694968
-0.00702896
-0.00712338
-0.00721721
-0.00729222
-0.00736142
-0.00743393
-0.00750967
-0.00759961
-0.00768727
-0.00776332
-0.00783942
-0.00789917
-0.00795995
-0.00806181
-0.00815253
-0.00818808
-0.0082464
-0.00835282
-0.00842357
-0.00846077
-0.00853005
-0.00861209
-0.00867032
-0.00872589
-0.00879087
-0.00885219
-0.00890859
-0.00896563
-0.00902368
-0.00907996
-0.00913227
-0.00918253
-0.00923332
-0.00928113
-0.00371483
-0.00303876
-0.0021956
-0.00140788
-0.000782945
-0.000357813
-0.000138015
-0.000103226
-0.000214259
-0.000424306
-0.000688912
-0.000972682
-0.00125018
-0.00150634
-0.00173239
-0.00192576
-0.0020871
-0.00222093
-0.0023327
-0.0024292
-0.00251759
-0.0026042
-0.00269543
-0.00279485
-0.00290666
-0.00303214
-0.00317184
-0.00332229
-0.00347781
-0.00363424
-0.00378503
-0.00392533
-0.00404957
-0.00415991
-0.00426196
-0.0043568
-0.00444738
-0.00453632
-0.00462849
-0.00472393
-0.0048185
-0.00491073
-0.00499772
-0.00508321
-0.00516805
-0.00525164
-0.00533677
-0.00542102
-0.00550549
-0.0055886
-0.00567117
-0.0057565
-0.00584368
-0.00593528
-0.00602692
-0.00611574
-0.0062011
-0.00628282
-0.00635988
-0.00643315
-0.00651691
-0.00660656
-0.00669697
-0.00678971
-0.00686911
-0.00693638
-0.00700908
-0.00710333
-0.0072042
-0.00728128
-0.0073509
-0.0074221
-0.00749077
-0.00758274
-0.0076772
-0.00775084
-0.00782662
-0.00788772
-0.00794498
-0.00804934
-0.00814429
-0.00817552
-0.00823206
-0.00834328
-0.00841522
-0.00845006
-0.00851934
-0.00860306
-0.00866197
-0.00871746
-0.00878287
-0.00884488
-0.00890141
-0.00895874
-0.00901758
-0.00907411
-0.00912633
-0.00917701
-0.00922814
-0.00927572
-0.00384593
-0.00316908
-0.00232411
-0.0015337
-0.000905324
-0.000476692
-0.000253178
-0.000214391
-0.000320641
-0.000525533
-0.000784929
-0.0010635
-0.00133544
-0.00158509
-0.00180392
-0.001989
-0.0021412
-0.00226431
-0.00236432
-0.00244817
-0.0025241
-0.0025992
-0.00268051
-0.00277223
-0.00287858
-0.00300104
-0.00313864
-0.00328769
-0.00344046
-0.00359215
-0.00373629
-0.00386934
-0.00398776
-0.00409277
-0.00419219
-0.00428815
-0.00438312
-0.00447851
-0.004577
-0.00467721
-0.00477528
-0.00487033
-0.00495902
-0.00504493
-0.0051301
-0.00521635
-0.00530446
-0.00539174
-0.00547983
-0.00556483
-0.00564849
-0.00573232
-0.00581849
-0.00591029
-0.00600084
-0.00609306
-0.00618078
-0.00626351
-0.00634522
-0.00641748
-0.00649834
-0.00658788
-0.00667766
-0.0067733
-0.00685719
-0.00692528
-0.00699185
-0.00708168
-0.0071891
-0.0072699
-0.00733995
-0.00741364
-0.00747508
-0.00756247
-0.00766564
-0.00774169
-0.00781418
-0.00787514
-0.00793155
-0.00803734
-0.00813485
-0.00816369
-0.00821916
-0.00833312
-0.00840622
-0.00844061
-0.00850967
-0.00859364
-0.00865336
-0.00870955
-0.00877542
-0.00883776
-0.00889432
-0.00895202
-0.00901161
-0.00906836
-0.0091206
-0.00917171
-0.0092231
-0.00927096
-0.00396355
-0.00328662
-0.0024413
-0.00164963
-0.00101902
-0.000587796
-0.000362043
-0.000321325
-0.000425407
-0.000627235
-0.000882973
-0.00115758
-0.00142533
-0.00166963
-0.00188138
-0.00205748
-0.00219919
-0.00231058
-0.00239769
-0.00246798
-0.0025307
-0.00259449
-0.0026672
-0.0027537
-0.00285732
-0.0029791
-0.00311628
-0.00326405
-0.00341353
-0.00355876
-0.00369476
-0.0038188
-0.00393033
-0.00403049
-0.00412764
-0.00422554
-0.00432533
-0.00442633
-0.00452963
-0.00463387
-0.00473365
-0.00482995
-0.00492003
-0.00500721
-0.00509352
-0.00518161
-0.00527291
-0.00536246
-0.00545412
-0.00554113
-0.00562575
-0.00571045
-0.00579431
-0.00588636
-0.00597633
-0.00606905
-0.00616061
-0.00624336
-0.00632897
-0.00640428
-0.00648076
-0.00656924
-0.00665866
-0.006754
-0.00684342
-0.00691609
-0.00697772
-0.00705977
-0.00716996
-0.00725696
-0.00732833
-0.00740506
-0.0074634
-0.00754129
-0.00764761
-0.00773268
-0.00780421
-0.0078608
-0.00791735
-0.00802485
-0.00812355
-0.00815256
-0.00820708
-0.00832052
-0.0083956
-0.00843207
-0.00850003
-0.00858264
-0.00864373
-0.00870159
-0.00876762
-0.00882966
-0.00888641
-0.00894491
-0.00900506
-0.00906171
-0.00911417
-0.00916572
-0.00921691
-0.00926425
-0.00406671
-0.00338864
-0.00254298
-0.00175104
-0.00111946
-0.000686806
-0.000460054
-0.000419533
-0.00052442
-0.000726712
-0.000981781
-0.00125487
-0.00152048
-0.00176144
-0.00196729
-0.00213391
-0.00226318
-0.00236012
-0.00243229
-0.00248766
-0.00253683
-0.00259003
-0.00265649
-0.0027413
-0.0028457
-0.00296933
-0.0031072
-0.00325341
-0.00339801
-0.00353462
-0.00365996
-0.00377386
-0.0038784
-0.00397515
-0.00407153
-0.00417149
-0.0042761
-0.00438136
-0.00448739
-0.00459365
-0.0046938
-0.00479025
-0.00488167
-0.00497084
-0.00505897
-0.0051486
-0.00524242
-0.00533421
-0.00542798
-0.00551765
-0.00560353
-0.00568983
-0.0057729
-0.00586338
-0.00595429
-0.00604594
-0.00614005
-0.00622552
-0.00631147
-0.00639195
-0.00646694
-0.00655125
-0.00664233
-0.00673518
-0.00682711
-0.00690873
-0.00696869
-0.00704204
-0.00715009
-0.00724189
-0.00731695
-0.00739681
-0.00745694
-0.00752644
-0.00762613
-0.00772056
-0.00779938
-0.00785085
-0.00790326
-0.00801175
-0.00811282
-0.00814515
-0.0081975
-0.00830635
-0.00838495
-0.00842642
-0.00849198
-0.00857184
-0.00863477
-0.0086945
-0.00876065
-0.00882247
-0.00887953
-0.00893876
-0.00899916
-0.00905562
-0.00910861
-0.00916057
-0.00921146
-0.00925895
-0.00415464
-0.00347408
-0.00262705
-0.00183475
-0.00120245
-0.000769028
-0.000542241
-0.000503794
-0.00061266
-0.000819446
-0.00107792
-0.00135229
-0.00161775
-0.00185666
-0.00205801
-0.00221487
-0.00232953
-0.00240827
-0.00246212
-0.00250123
-0.002538
-0.00258413
-0.00264891
-0.0027375
-0.00284694
-0.00297439
-0.00311184
-0.00325368
-0.00339
-0.00351552
-0.00362937
-0.00373347
-0.00383307
-0.00392856
-0.00402662
-0.00412842
-0.0042361
-0.00434409
-0.00445014
-0.0045563
-0.00465582
-0.00475247
-0.00484487
-0.00493634
-0.00502712
-0.00511805
-0.00521341
-0.00530634
-0.00540102
-0.0054929
-0.00558085
-0.00566874
-0.00575287
-0.00584165
-0.00593249
-0.00602391
-0.00611729
-0.00620653
-0.00629289
-0.00637621
-0.00645569
-0.00653497
-0.00662459
-0.00671663
-0.00680576
-0.00689762
-0.00696413
-0.0070276
-0.00712856
-0.00722318
-0.00730264
-0.0073869
-0.00745116
-0.00751633
-0.00760483
-0.00769883
-0.00778989
-0.0078485
-0.00789118
-0.00798884
-0.00809828
-0.0081444
-0.00818989
-0.00828635
-0.00837264
-0.00842395
-0.00848431
-0.00855932
-0.00862558
-0.00868734
-0.00875271
-0.00881479
-0.00887242
-0.00893183
-0.00899217
-0.00904876
-0.00910256
-0.00915475
-0.00920484
-0.00925201
-0.00424141
-0.00356059
-0.00271346
-0.00192256
-0.00129306
-0.000862141
-0.000636888
-0.000598912
-0.000708958
-0.000917916
-0.00117952
-0.00145591
-0.00172175
-0.00195769
-0.00215126
-0.00229418
-0.00238873
-0.00244466
-0.00247718
-0.00250205
-0.00253269
-0.00258194
-0.00265479
-0.00275343
-0.00287075
-0.00300084
-0.00313446
-0.00326554
-0.00338885
-0.00350044
-0.00360376
-0.00370066
-0.00379891
-0.00389711
-0.00399851
-0.00410283
-0.00421028
-0.0043192
-0.00442291
-0.00452711
-0.00462622
-0.00472335
-0.00481801
-0.00491112
-0.00500547
-0.00509689
-0.00519262
-0.00528598
-0.00538012
-0.00547427
-0.0055637
-0.00565394
-0.00573951
-0.0058277
-0.00591754
-0.00600754
-0.00610015
-0.00619029
-0.00627929
-0.00636411
-0.00644795
-0.00652712
-0.00660983
-0.00670224
-0.00678922
-0.00688353
-0.00696488
-0.00702247
-0.00710957
-0.00720782
-0.00728824
-0.00737578
-0.00744957
-0.00751134
-0.00759102
-0.00767797
-0.00777192
-0.00785244
-0.0078943
-0.00796012
-0.00807472
-0.00815322
-0.00818917
-0.00825963
-0.00835771
-0.00842612
-0.00847787
-0.00854542
-0.00861777
-0.00868193
-0.00874444
-0.00880728
-0.00886701
-0.00892578
-0.00898489
-0.00904211
-0.00909725
-0.00914902
-0.00919773
-0.00924437
-0.00423843
-0.00357784
-0.00275633
-0.00199045
-0.00138487
-0.000976582
-0.000772327
-0.000751156
-0.000873336
-0.00108887
-0.0013503
-0.00161785
-0.00186422
-0.00207127
-0.00222847
-0.00233313
-0.0023909
-0.00241814
-0.00243468
-0.00246079
-0.00250764
-0.00258053
-0.0026761
-0.00278904
-0.00291132
-0.00303442
-0.00315296
-0.00326282
-0.00336725
-0.00346629
-0.00356458
-0.00366257
-0.00376377
-0.00386802
-0.0039723
-0.0040781
-0.00418238
-0.00428879
-0.00439112
-0.00449241
-0.00459295
-0.00469078
-0.0047888
-0.00488316
-0.00497995
-0.00507353
-0.00516791
-0.00526331
-0.00535614
-0.0054522
-0.00554331
-0.00563505
-0.00572438
-0.00581175
-0.00590223
-0.00599005
-0.00608198
-0.00617252
-0.00626222
-0.00635101
-0.00643549
-0.00651919
-0.00659789
-0.00668451
-0.00677519
-0.0068648
-0.00695727
-0.00702418
-0.00709297
-0.00719101
-0.00727555
-0.00735953
-0.00744788
-0.00751057
-0.00758003
-0.0076623
-0.00774814
-0.00785114
-0.00791316
-0.0079385
-0.0080386
-0.0081652
-0.00820267
-0.00823329
-0.00833861
-0.00843276
-0.00847569
-0.00853188
-0.0086116
-0.00867924
-0.00873742
-0.00880082
-0.00886419
-0.00892219
-0.00897865
-0.00903671
-0.00909435
-0.00914551
-0.00919273
-0.00924012
-0.00404012
-0.00341196
-0.00264825
-0.00193982
-0.00138901
-0.00104119
-0.000904124
-0.000950558
-0.00113224
-0.00139289
-0.00167914
-0.00194586
-0.00215981
-0.00230432
-0.00238
-0.00240258
-0.00239491
-0.00238333
-0.0023897
-0.00243014
-0.00250806
-0.00261629
-0.00274151
-0.00287043
-0.00299376
-0.00310354
-0.00319926
-0.00328424
-0.00336857
-0.00345813
-0.00355491
-0.00365701
-0.00376161
-0.00386878
-0.00397372
-0.00407753
-0.00417821
-0.00427947
-0.00438032
-0.0044788
-0.00457897
-0.00467712
-0.00477548
-0.00487095
-0.00496725
-0.00506269
-0.00515569
-0.00525156
-0.00534431
-0.00543957
-0.00553253
-0.00562423
-0.00571627
-0.00580323
-0.00589327
-0.0059814
-0.00607172
-0.00616248
-0.00625069
-0.00634209
-0.00642739
-0.0065122
-0.00659131
-0.00667077
-0.0067632
-0.00685131
-0.00694512
-0.00702471
-0.00708412
-0.0071739
-0.00726367
-0.00734288
-0.00743941
-0.00750992
-0.00756911
-0.00764664
-0.00772515
-0.00783319
-0.00792024
-0.00792903
-0.00800004
-0.00815622
-0.00821433
-0.00821572
-0.00831313
-0.00843124
-0.00847415
-0.00851749
-0.00860045
-0.00867353
-0.0087284
-0.00879033
-0.0088571
-0.00891614
-0.00897004
-0.00902746
-0.00908753
-0.00913891
-0.00918365
-0.00922973
)
;

boundaryField
{
    zeroGradientPlanes
    {
        type            zeroGradient;
    }
    inlet
    {
        type            zeroGradient;
    }
    plate
    {
        type            zeroGradient;
    }
    frontAndBack
    {
        type            empty;
    }
}


// ************************************************************************* //
