/*--------------------------------*- C++ -*----------------------------------*\
  =========                 |
  \\      /  F ield         | OpenFOAM: The Open Source CFD Toolbox
   \\    /   O peration     | Website:  https://openfoam.org
    \\  /    A nd           | Version:  10
     \\/     M anipulation  |
\*---------------------------------------------------------------------------*/
FoamFile
{
    format      ascii;
    class       volScalarField;
    location    "0.2";
    object      p;
}
// * * * * * * * * * * * * * * * * * * * * * * * * * * * * * * * * * * * * * //

dimensions      [0 2 -2 0 0 0 0];

internalField   nonuniform List<scalar> 
4800
(
5.35589e-11
-5.68179e-05
-8.13327e-05
-7.49396e-05
0.000209175
0.000543413
0.000359739
-7.75196e-05
0.000172043
0.000692197
0.000988941
0.000891306
0.000885259
0.00131361
0.00163698
0.00182208
0.00190721
0.00203552
0.00224768
0.00255286
2.36288e-06
-5.89072e-05
-7.90218e-05
-8.71806e-05
0.000210215
0.000539728
0.000360376
-8.12038e-05
0.000176421
0.00069239
0.000994377
0.000892213
0.000892549
0.00128715
0.00163831
0.00182151
0.00188798
0.00197627
0.00213926
0.00235397
2.69518e-06
-6.02604e-05
-7.78244e-05
-9.19844e-05
0.00021141
0.000539106
0.000359514
-7.96271e-05
0.000176221
0.000694753
0.000996834
0.000895439
0.000894766
0.00129208
0.00163844
0.00181215
0.00185143
0.00189287
0.00200339
0.00218352
3.74746e-06
-6.18545e-05
-7.6065e-05
-9.97428e-05
0.00021247
0.000538815
0.000356052
-7.49775e-05
0.000171888
0.000703062
0.000994718
0.000904201
0.000892861
0.00128506
0.00163566
0.00178992
0.00180089
0.00179531
0.00186509
0.0020505
4.83857e-06
-6.37155e-05
-7.52444e-05
-0.000107224
0.000212972
0.000539827
0.000352148
-6.78664e-05
0.00016476
0.000712971
0.000990996
0.000910465
0.000893806
0.00126395
0.00162748
0.00175728
0.00173686
0.0016949
0.00173484
0.0019298
5.88856e-06
-6.54714e-05
-7.56248e-05
-0.000113095
0.000211727
0.000542767
0.000345439
-5.855e-05
0.000155736
0.000721599
0.00099138
0.00091137
0.000898641
0.00123235
0.00160495
0.00171513
0.00166506
0.00159907
0.00160839
0.00180301
7.52422e-06
-6.7431e-05
-7.78251e-05
-0.000117827
0.000208177
0.000547935
0.000336862
-4.83226e-05
0.000148985
0.000724265
0.000997162
0.00090598
0.000899204
0.0012095
0.00156714
0.00166251
0.00158825
0.00150436
0.00148631
0.00167391
9.07531e-06
-6.9046e-05
-8.22408e-05
-0.00012088
0.000202731
0.000554553
0.000327959
-4.16063e-05
0.000147549
0.000719772
0.00100693
0.000899735
0.000887114
0.00119635
0.00152602
0.0015995
0.00150125
0.00140786
0.00137577
0.00154593
1.03374e-05
-6.95152e-05
-8.94418e-05
-0.000122398
0.000195254
0.000561699
0.000321915
-4.18767e-05
0.000152492
0.000710072
0.00101188
0.000898368
0.000862422
0.0011681
0.00148582
0.00153131
0.00140649
0.0013099
0.00127496
0.00141947
1.10056e-05
-6.84462e-05
-9.97631e-05
-0.000122541
0.000186932
0.000567356
0.000321612
-5.02616e-05
0.000160119
0.000701938
0.00100603
0.00090143
0.000835084
0.00111773
0.00144174
0.00146788
0.00130936
0.00120721
0.00118145
0.00129997
1.05428e-05
-6.50321e-05
-0.000112965
-0.000122816
0.000179537
0.000568679
0.000328201
-6.49947e-05
0.000163148
0.000702112
0.000989118
0.0008988
0.000813927
0.00104425
0.00137625
0.00140562
0.00121846
0.00110113
0.00109344
0.0011946
8.35851e-06
-5.86638e-05
-0.000128456
-0.000125158
0.000175195
0.000564747
0.000341137
-8.06118e-05
0.000153809
0.000709076
0.000968172
0.000880262
0.000796747
0.000980535
0.00129132
0.00133398
0.0011355
0.000995373
0.00100279
0.00110573
3.70326e-06
-4.89962e-05
-0.000144312
-0.0001325
0.000175014
0.00055536
0.000356108
-8.80859e-05
0.000130715
0.000715424
0.000954438
0.000843183
0.000770347
0.000929497
0.00120231
0.00124687
0.00105178
0.000893756
0.000907207
0.00102743
-3.93171e-06
-3.59416e-05
-0.000158108
-0.000148008
0.000178698
0.000543104
0.000367234
-8.32359e-05
9.65213e-05
0.000707861
0.000950416
0.000796856
0.00071017
0.000884812
0.00112787
0.00115244
0.000958065
0.000796615
0.000809797
0.000946057
-1.49323e-05
-2.03437e-05
-0.00016676
-0.000172967
0.000184205
0.000532623
0.000369355
-6.55867e-05
6.28128e-05
0.000678324
0.000950217
0.000759201
0.0006255
0.000816336
0.00106303
0.00107139
0.000862516
0.000694301
0.000709048
0.000855971
-2.95496e-05
-3.4258e-06
-0.000167153
-0.0002082
0.000186089
0.000529364
0.00036142
-4.31318e-05
4.03818e-05
0.000627251
0.000936901
0.000736509
0.000541576
0.000720648
0.000987223
0.00100367
0.000780225
0.000589794
0.000603655
0.000758982
-4.79377e-05
1.24112e-05
-0.000157231
-0.000251661
0.000176906
0.000536798
0.000347695
-3.12995e-05
3.07667e-05
0.000566936
0.000897893
0.000720994
0.000482772
0.000606331
0.00088606
0.000934776
0.000712155
0.000498668
0.000498549
0.000654779
-6.88092e-05
2.549e-05
-0.00013601
-0.000297855
0.000149091
0.000553922
0.00033782
-4.0101e-05
2.9604e-05
0.000516202
0.0008324
0.00069238
0.000446454
0.000509459
0.000765163
0.000841733
0.000649485
0.000424676
0.000400248
0.00055153
-9.12041e-05
3.25501e-05
-0.000104674
-0.000339387
9.85893e-05
0.000573344
0.000343082
-7.25225e-05
1.6555e-05
0.00048003
0.000756531
0.000632212
0.000411142
0.000437485
0.000649868
0.000729848
0.000566371
0.00035299
0.000314361
0.000461537
-0.000113433
3.16828e-05
-5.2071e-05
-0.000364631
2.42498e-05
0.000582095
0.000369988
-0.000114339
-2.49884e-05
0.000453803
0.000694277
0.000541871
0.000342449
0.000380805
0.000564009
0.000617395
0.000462848
0.000263531
0.000228403
0.000379334
-0.000133768
2.03064e-05
-1.09624e-05
-0.000370179
-6.93366e-05
0.000565317
0.000418603
-0.000141228
-9.80274e-05
0.00041826
0.000659602
0.000455033
0.00023884
0.00030108
0.000500692
0.000537522
0.000356453
0.00015176
0.000114536
0.000283875
-0.000150636
-1.45317e-06
2.52625e-05
-0.000352555
-0.000170134
0.000511568
0.00047718
-0.00013747
-0.000201228
0.00034297
0.000644075
0.000405153
0.000115322
0.000175555
0.000429787
0.000490558
0.00028032
3.5247e-05
-2.81102e-05
0.000146578
-0.000163416
-3.13825e-05
4.86391e-05
-0.00031089
-0.000261837
0.00041682
0.000524819
-9.22468e-05
-0.000302576
0.000220042
0.000616121
0.000395443
1.74737e-05
1.38841e-05
0.000308049
0.000454275
0.000250714
-5.22677e-05
-0.000178207
-3.56375e-05
-0.00017202
-6.6193e-05
5.40419e-05
-0.000255236
-0.000330177
0.000284417
0.000539879
-1.26365e-05
-0.000373183
5.20467e-05
0.000540762
0.000412839
-2.71713e-05
-0.000150594
0.000131347
0.000377402
0.000251343
-8.73354e-05
-0.000296852
-0.000232412
-0.000177733
-0.000102048
4.00861e-05
-0.000196495
-0.000368273
0.000131725
0.000505191
7.85033e-05
-0.000394779
-0.000130429
0.000404951
0.000415743
-1.97544e-05
-0.000270464
-7.79678e-05
0.000230856
0.000232511
-7.67378e-05
-0.00035978
-0.000401689
-0.000182079
-0.000135736
7.28589e-06
-0.000146685
-0.000365359
-1.57855e-05
0.000416753
0.000151827
-0.000360888
-0.000284049
0.000214908
0.000367345
1.676e-05
-0.000326559
-0.000270244
2.88778e-05
0.00015074
-6.02098e-05
-0.000371389
-0.000510911
-0.000187151
-0.000165555
-3.91034e-05
-0.000116146
-0.000347003
-0.000140143
0.000282997
0.000180517
-0.000293812
-0.000385865
2.2184e-06
0.000255715
3.65137e-05
-0.000328614
-0.000406504
-0.000190371
-6.78557e-07
-8.72181e-05
-0.000358368
-0.000561942
-0.000194897
-0.000191024
-9.14163e-05
-0.000109122
-0.000315331
-0.000232429
0.000127398
0.000155181
-0.000225846
-0.000431349
-0.000189731
9.12293e-05
7.82805e-06
-0.000307699
-0.000481567
-0.000378687
-0.000194132
-0.000179081
-0.000365403
-0.000578993
-0.000206425
-0.000212959
-0.000143509
-0.000125504
-0.000286688
-0.000291262
-2.43171e-05
7.95157e-05
-0.000185035
-0.000432608
-0.000336059
-9.66336e-05
-7.65806e-05
-0.000303385
-0.000512252
-0.000514486
-0.000385979
-0.000320917
-0.000418193
-0.000595883
-0.000222228
-0.000232366
-0.00019182
-0.000160559
-0.000272229
-0.000324206
-0.000155503
-3.05516e-05
-0.000185967
-0.00041956
-0.000434215
-0.000271855
-0.000202524
-0.000337438
-0.000529486
-0.000603307
-0.000546121
-0.000481286
-0.000515267
-0.000638104
-0.000242549
-0.000253757
-0.000235203
-0.000206255
-0.000276555
-0.000345644
-0.000260521
-0.000152147
-0.000226934
-0.000416313
-0.000493979
-0.000414707
-0.000345171
-0.000410862
-0.000559851
-0.000663233
-0.000667801
-0.000630941
-0.000636677
-0.000711128
-0.000266914
-0.000277444
-0.000274441
-0.000256113
-0.000298865
-0.00036663
-0.000341511
-0.000268296
-0.000298105
-0.000435563
-0.000535389
-0.000523823
-0.00048061
-0.000509571
-0.000613578
-0.000715937
-0.000759691
-0.000757232
-0.000761056
-0.000805142
-0.000294385
-0.000304146
-0.000311309
-0.000306167
-0.000335051
-0.000393851
-0.000405063
-0.000370464
-0.000384193
-0.00047832
-0.000575644
-0.000607347
-0.000597675
-0.000616405
-0.00068712
-0.000774181
-0.000834432
-0.000859726
-0.000874585
-0.000906186
-0.000324149
-0.000333784
-0.000347421
-0.000354514
-0.000379427
-0.000429211
-0.000459577
-0.000457167
-0.000472168
-0.00053834
-0.000622936
-0.000676159
-0.000695645
-0.000718639
-0.000770585
-0.00084069
-0.000902922
-0.000944351
-0.000972525
-0.00100344
-0.000355506
-0.000365723
-0.000383596
-0.000400602
-0.000427132
-0.000471195
-0.000510709
-0.000530981
-0.00055465
-0.000607176
-0.000678583
-0.000738982
-0.00077768
-0.000810257
-0.000854951
-0.000912633
-0.000970733
-0.00101872
-0.00105643
-0.00109106
-0.00038761
-0.000398927
-0.000419897
-0.000444271
-0.000474785
-0.000516867
-0.000560801
-0.000595339
-0.000628835
-0.000677063
-0.000739236
-0.000799778
-0.000848591
-0.000890077
-0.000934375
-0.000985334
-0.0010384
-0.00108721
-0.00112951
-0.00116761
-0.000419413
-0.000432096
-0.000455604
-0.000485281
-0.000520269
-0.000563034
-0.000609599
-0.000652791
-0.000694459
-0.000742901
-0.000800063
-0.000858773
-0.00091194
-0.000959443
-0.00100584
-0.0010543
-0.00110388
-0.00115143
-0.00119496
-0.00123481
-0.000449539
-0.000463571
-0.000489273
-0.000522792
-0.000561855
-0.000606578
-0.000655089
-0.000703538
-0.000751356
-0.00080185
-0.000856779
-0.0009135
-0.000967997
-0.00101879
-0.00106729
-0.00111532
-0.00116312
-0.00120949
-0.00125317
-0.0012938
-0.000476759
-0.000491517
-0.000518541
-0.000554323
-0.000596159
-0.00064276
-0.000692755
-0.000744059
-0.000795638
-0.000848259
-0.000902699
-0.000958113
-0.00101261
-0.00106489
-0.00111487
-0.00116305
-0.00120967
-0.00125448
-0.00129706
-0.00133721
-0.000502039
-0.000519196
-0.000549186
-0.000588496
-0.000634175
-0.000684162
-0.000736952
-0.000791173
-0.000845936
-0.000901113
-0.000956795
-0.0010126
-0.00106766
-0.00112112
-0.00117249
-0.00122162
-0.00126849
-0.00131304
-0.00135521
-0.00139506
0.00317873
0.00371994
0.00348748
0.00290368
0.00246612
0.0022791
0.00212593
0.00177425
0.00122266
0.000753796
0.000510073
0.000307345
-2.89954e-05
-0.000471833
-0.000812492
-0.000942947
-0.00110449
-0.00157758
-0.00226827
-0.00286867
-0.00337618
-0.00403358
-0.00480987
-0.00561265
-0.00645894
-0.00714309
-0.00755286
-0.00777693
-0.00769061
-0.00727438
-0.00677477
-0.00622695
-0.0056099
-0.00512279
-0.00482516
-0.0046366
-0.00466598
-0.00491253
-0.00502606
-0.00483648
-0.00461012
-0.00456437
-0.00459344
-0.00455518
-0.00447356
-0.00441521
-0.00437514
-0.00432562
-0.00426468
-0.00420498
-0.00415426
-0.00411371
-0.00408305
-0.0040619
-0.00404839
-0.00404044
-0.00403624
-0.00403455
-0.00403447
-0.00403545
-0.0040371
-0.00403935
-0.00404211
-0.00404542
-0.00404916
-0.00405343
-0.00405808
-0.00406331
-0.00406879
-0.00407495
-0.00408113
-0.00408816
-0.00409489
-0.00410277
-0.00410992
-0.00411859
-0.00412613
-0.00413541
-0.00414353
-0.004153
-0.0041622
-0.00417116
-0.00418211
-0.00418997
-0.00420284
-0.00420998
-0.00422351
-0.00423199
-0.00424345
-0.0042557
-0.00426353
-0.00427844
-0.00428563
-0.00429689
-0.00430732
-0.00431097
-0.00431741
-0.00431818
-0.00430315
-0.00428456
0.00274067
0.00336148
0.00338558
0.00288985
0.00244626
0.00224372
0.00208821
0.00174079
0.00118988
0.000720019
0.00048
0.000285745
-4.38051e-05
-0.000488572
-0.000834085
-0.000963253
-0.00112341
-0.00159719
-0.00228344
-0.0028762
-0.00337809
-0.00402976
-0.00479715
-0.00558526
-0.00641682
-0.00709673
-0.00751131
-0.00774496
-0.00766596
-0.00725332
-0.00675895
-0.00621807
-0.00560376
-0.00511951
-0.00482309
-0.0046322
-0.00466352
-0.00491071
-0.00502382
-0.0048337
-0.00460782
-0.00456351
-0.00459319
-0.00455461
-0.00447285
-0.00441465
-0.00437493
-0.00432592
-0.00426535
-0.00420579
-0.00415501
-0.00411417
-0.00408332
-0.00406195
-0.00404829
-0.00404025
-0.00403602
-0.00403434
-0.00403431
-0.00403533
-0.00403703
-0.00403931
-0.00404209
-0.00404541
-0.00404916
-0.00405343
-0.00405808
-0.00406331
-0.00406879
-0.00407495
-0.00408113
-0.00408816
-0.00409489
-0.00410277
-0.00410992
-0.00411859
-0.00412613
-0.00413542
-0.00414353
-0.004153
-0.0041622
-0.00417116
-0.00418212
-0.00418996
-0.00420285
-0.00420998
-0.00422352
-0.00423199
-0.00424345
-0.00425571
-0.00426352
-0.00427845
-0.00428562
-0.0042969
-0.00430733
-0.00431098
-0.00431741
-0.00431819
-0.00430321
-0.00428456
0.00251283
0.00313263
0.0033189
0.00292814
0.00248409
0.00225154
0.00207516
0.00171655
0.00115842
0.000679805
0.000438644
0.000256067
-6.35906e-05
-0.000504449
-0.000848787
-0.000986113
-0.00115961
-0.00163237
-0.00230121
-0.00287841
-0.00337761
-0.00402359
-0.00477204
-0.00553124
-0.00632536
-0.00697504
-0.00738458
-0.00763131
-0.00757284
-0.00718362
-0.00671
-0.00618722
-0.00559112
-0.00512147
-0.0048355
-0.00464967
-0.00467386
-0.00490845
-0.00501431
-0.00482713
-0.00460747
-0.00456416
-0.00459175
-0.00455235
-0.00447145
-0.00441378
-0.00437471
-0.00432513
-0.00426472
-0.00420546
-0.00415501
-0.00411449
-0.00408383
-0.00406254
-0.00404889
-0.00404082
-0.00403651
-0.00403473
-0.0040346
-0.00403553
-0.00403715
-0.00403938
-0.00404213
-0.00404543
-0.00404916
-0.00405343
-0.00405808
-0.00406331
-0.0040688
-0.00407495
-0.00408113
-0.00408816
-0.00409489
-0.00410277
-0.00410992
-0.00411859
-0.00412613
-0.00413542
-0.00414353
-0.004153
-0.0041622
-0.00417116
-0.00418212
-0.00418996
-0.00420285
-0.00420998
-0.00422352
-0.00423199
-0.00424344
-0.00425572
-0.00426352
-0.00427846
-0.00428563
-0.00429691
-0.00430734
-0.00431101
-0.00431743
-0.00431821
-0.00430347
-0.00428473
0.00235795
0.00291187
0.0031718
0.00288542
0.00247197
0.00222939
0.0020374
0.00166955
0.00110389
0.000618632
0.000384359
0.000218513
-8.70793e-05
-0.000520669
-0.00087222
-0.0010264
-0.00120561
-0.00166788
-0.00231872
-0.00288451
-0.00338047
-0.00401383
-0.00473767
-0.00546336
-0.00621314
-0.00683017
-0.00723571
-0.00749722
-0.00746522
-0.0071035
-0.00665011
-0.0061474
-0.00557439
-0.00512218
-0.00484685
-0.00466622
-0.00468343
-0.00490002
-0.00499509
-0.00481363
-0.00460316
-0.0045615
-0.0045865
-0.00454646
-0.00446679
-0.00440985
-0.00437128
-0.00432223
-0.00426307
-0.00420519
-0.00415581
-0.00411584
-0.00408533
-0.00406385
-0.0040499
-0.00404144
-0.00403682
-0.00403484
-0.0040346
-0.00403549
-0.00403711
-0.00403934
-0.00404211
-0.00404542
-0.00404916
-0.00405343
-0.00405808
-0.00406331
-0.0040688
-0.00407495
-0.00408113
-0.00408816
-0.00409489
-0.00410277
-0.00410992
-0.00411859
-0.00412612
-0.00413542
-0.00414353
-0.004153
-0.0041622
-0.00417116
-0.00418212
-0.00418996
-0.00420285
-0.00420998
-0.00422351
-0.004232
-0.00424344
-0.00425572
-0.00426352
-0.00427846
-0.00428564
-0.00429693
-0.00430736
-0.00431106
-0.00431748
-0.00431822
-0.0043038
-0.00428499
0.00221668
0.00268671
0.00298443
0.00280664
0.00244489
0.00220723
0.00201197
0.00163851
0.00106125
0.000565414
0.00033467
0.000181937
-0.000111889
-0.000544772
-0.000907125
-0.00106858
-0.0012437
-0.00169731
-0.002337
-0.0028906
-0.00337642
-0.00399291
-0.00469074
-0.00538356
-0.00609263
-0.00667803
-0.00707554
-0.00735001
-0.00734561
-0.00701347
-0.00658189
-0.00610062
-0.00555259
-0.00511876
-0.00485458
-0.00468107
-0.00469175
-0.00488914
-0.00497329
-0.00479866
-0.00459862
-0.0045587
-0.00458054
-0.00453973
-0.0044617
-0.00440593
-0.00436764
-0.004319
-0.00426124
-0.00420478
-0.00415636
-0.00411691
-0.00408656
-0.00406505
-0.00405094
-0.00404233
-0.00403756
-0.00403544
-0.00403506
-0.00403581
-0.00403732
-0.00403947
-0.00404218
-0.00404545
-0.00404918
-0.00405344
-0.00405808
-0.00406331
-0.00406879
-0.00407495
-0.00408113
-0.00408816
-0.00409489
-0.00410277
-0.00410991
-0.00411859
-0.00412612
-0.00413542
-0.00414353
-0.004153
-0.0041622
-0.00417116
-0.00418211
-0.00418996
-0.00420285
-0.00420998
-0.00422351
-0.004232
-0.00424344
-0.00425573
-0.00426353
-0.00427847
-0.00428566
-0.00429695
-0.00430739
-0.00431112
-0.00431754
-0.00431823
-0.00430413
-0.00428528
0.00208397
0.00247875
0.00278943
0.00270927
0.0024035
0.00217673
0.00198674
0.00161218
0.00102414
0.000511182
0.000275906
0.000138336
-0.000143149
-0.000576136
-0.000939282
-0.00110003
-0.00127606
-0.00172841
-0.0023568
-0.0028938
-0.00336739
-0.00396804
-0.00464037
-0.00530018
-0.00597006
-0.00652387
-0.00691081
-0.00719539
-0.00721879
-0.00691943
-0.00651136
-0.00605155
-0.00552856
-0.00511374
-0.00486177
-0.00469588
-0.0047
-0.00487808
-0.00495136
-0.00478386
-0.00459422
-0.0045555
-0.0045739
-0.00453259
-0.00445639
-0.00440155
-0.00436319
-0.00431508
-0.00425892
-0.00420384
-0.00415652
-0.00411779
-0.00408785
-0.00406647
-0.00405228
-0.00404341
-0.00403834
-0.00403592
-0.00403532
-0.00403593
-0.00403736
-0.00403948
-0.00404218
-0.00404545
-0.00404917
-0.00405343
-0.00405808
-0.00406331
-0.00406879
-0.00407494
-0.00408112
-0.00408816
-0.00409488
-0.00410277
-0.00410991
-0.00411859
-0.00412612
-0.00413542
-0.00414353
-0.004153
-0.0041622
-0.00417116
-0.00418211
-0.00418996
-0.00420284
-0.00420999
-0.00422351
-0.00423201
-0.00424344
-0.00425573
-0.00426354
-0.00427847
-0.00428569
-0.00429698
-0.00430743
-0.00431118
-0.00431762
-0.00431823
-0.00430444
-0.00428559
0.00196367
0.00229889
0.0025896
0.00258616
0.00234175
0.00212966
0.00194943
0.00158581
0.000992596
0.000457544
0.000214728
9.30308e-05
-0.000175448
-0.00060527
-0.000969914
-0.00113726
-0.0013181
-0.00176213
-0.00237304
-0.00289503
-0.0033557
-0.00393874
-0.00458636
-0.00521277
-0.00584422
-0.00637037
-0.00674624
-0.00703489
-0.00708408
-0.00682037
-0.00643785
-0.00599934
-0.00550145
-0.00510664
-0.00486732
-0.0047092
-0.00470731
-0.00486633
-0.00492844
-0.00476776
-0.00458846
-0.00455109
-0.00456627
-0.0045244
-0.00444982
-0.004396
-0.00435814
-0.00431041
-0.00425621
-0.00420278
-0.00415681
-0.0041189
-0.00408932
-0.00406788
-0.00405343
-0.00404427
-0.00403895
-0.00403635
-0.00403561
-0.00403614
-0.0040375
-0.00403956
-0.00404222
-0.00404546
-0.00404918
-0.00405343
-0.00405807
-0.0040633
-0.00406878
-0.00407494
-0.00408112
-0.00408815
-0.00409488
-0.00410277
-0.00410991
-0.00411859
-0.00412612
-0.00413542
-0.00414352
-0.004153
-0.0041622
-0.00417116
-0.00418211
-0.00418997
-0.00420284
-0.00420999
-0.0042235
-0.00423202
-0.00424343
-0.00425574
-0.00426355
-0.00427848
-0.00428572
-0.00429701
-0.00430748
-0.00431124
-0.00431772
-0.00431823
-0.00430471
-0.0042859
0.00184842
0.00214328
0.00238635
0.00243755
0.00226564
0.00206749
0.00189561
0.00155628
0.000967134
0.000412022
0.000155732
4.01113e-05
-0.000212966
-0.000636624
-0.0010117
-0.00118793
-0.00135896
-0.00178362
-0.00238233
-0.00289672
-0.00334127
-0.00390326
-0.00453042
-0.00512542
-0.00571746
-0.0062178
-0.00658067
-0.00686683
-0.0069395
-0.00671471
-0.00636074
-0.00594409
-0.00547129
-0.00509646
-0.00486969
-0.00472003
-0.00471317
-0.00485337
-0.004904
-0.00475022
-0.00458185
-0.0045462
-0.00455803
-0.0045156
-0.00444317
-0.00439089
-0.00435336
-0.00430861
-0.00425357
-0.00420175
-0.00415698
-0.00411977
-0.00409051
-0.00406917
-0.00405467
-0.00404537
-0.00403984
-0.00403701
-0.00403606
-0.00403641
-0.00403764
-0.00403963
-0.00404224
-0.00404547
-0.00404917
-0.00405342
-0.00405806
-0.00406329
-0.00406877
-0.00407493
-0.00408111
-0.00408815
-0.00409487
-0.00410276
-0.0041099
-0.00411859
-0.00412612
-0.00413541
-0.00414352
-0.004153
-0.00416219
-0.00417116
-0.00418211
-0.00418997
-0.00420284
-0.00421
-0.0042235
-0.00423203
-0.00424343
-0.00425575
-0.00426356
-0.00427849
-0.00428575
-0.00429704
-0.00430754
-0.0043113
-0.00431783
-0.00431822
-0.00430495
-0.00428622
0.00173082
0.00200723
0.00218984
0.00226817
0.00217516
0.0019956
0.0018247
0.0015135
0.000944411
0.000372663
9.30895e-05
-1.95891e-05
-0.000254518
-0.000672288
-0.00105821
-0.00123567
-0.00139069
-0.00180142
-0.00239464
-0.00290146
-0.00332463
-0.00386179
-0.00447196
-0.00503778
-0.00558791
-0.00606208
-0.00641302
-0.00669437
-0.00678665
-0.00660093
-0.00627919
-0.00588629
-0.00543778
-0.00508224
-0.00486864
-0.00472854
-0.00471743
-0.00483914
-0.00487876
-0.00473242
-0.00457499
-0.00454073
-0.00454924
-0.00450655
-0.00443617
-0.0043849
-0.00434756
-0.00430346
-0.00425042
-0.00420025
-0.00415678
-0.00412048
-0.00409171
-0.0040705
-0.00405585
-0.00404626
-0.00404044
-0.00403738
-0.00403627
-0.00403653
-0.00403769
-0.00403964
-0.00404223
-0.00404546
-0.00404915
-0.0040534
-0.00405804
-0.00406327
-0.00406876
-0.00407491
-0.0040811
-0.00408814
-0.00409486
-0.00410275
-0.0041099
-0.00411858
-0.00412611
-0.00413541
-0.00414352
-0.004153
-0.00416219
-0.00417116
-0.0041821
-0.00418997
-0.00420283
-0.00421
-0.00422349
-0.00423203
-0.00424343
-0.00425575
-0.00426358
-0.0042785
-0.00428579
-0.00429708
-0.00430762
-0.00431137
-0.00431795
-0.00431822
-0.00430514
-0.00428654
0.0016041
0.00187996
0.00200989
0.00208472
0.00206604
0.00191933
0.00173582
0.00144635
0.000917818
0.000337816
3.21333e-05
-7.48197e-05
-0.000297969
-0.000714221
-0.00110088
-0.00127941
-0.00143102
-0.00182809
-0.00240486
-0.00289941
-0.00330233
-0.00381428
-0.00440827
-0.00494993
-0.00545918
-0.00590442
-0.00624467
-0.00651915
-0.00662377
-0.00647689
-0.00619356
-0.00582694
-0.00540114
-0.00506412
-0.00486425
-0.00473436
-0.00471997
-0.00482437
-0.00485331
-0.00471383
-0.004567
-0.00453432
-0.00453956
-0.00449628
-0.00442789
-0.00437815
-0.00434153
-0.00429837
-0.00424712
-0.00419864
-0.00415656
-0.00412115
-0.00409284
-0.00407176
-0.00405704
-0.00404733
-0.00404134
-0.00403809
-0.00403679
-0.00403688
-0.00403789
-0.00403975
-0.00404229
-0.00404547
-0.00404914
-0.00405338
-0.00405802
-0.00406325
-0.00406874
-0.0040749
-0.00408108
-0.00408812
-0.00409485
-0.00410275
-0.00410989
-0.00411857
-0.0041261
-0.00413541
-0.00414351
-0.004153
-0.00416219
-0.00417116
-0.0041821
-0.00418997
-0.00420283
-0.00421001
-0.00422349
-0.00423204
-0.00424344
-0.00425576
-0.0042636
-0.00427851
-0.00428584
-0.00429711
-0.0043077
-0.00431144
-0.00431809
-0.00431822
-0.0043053
-0.00428685
0.00146731
0.0017489
0.00185279
0.00189764
0.00193147
0.00183387
0.00163529
0.00135551
0.000880205
0.000311682
-2.17162e-05
-0.000129457
-0.00034461
-0.000760012
-0.00114402
-0.00132996
-0.00147912
-0.00185003
-0.00240474
-0.00289081
-0.00327983
-0.00376557
-0.00434025
-0.00486278
-0.00533179
-0.00574351
-0.00607334
-0.00633987
-0.00645327
-0.006346
-0.00610417
-0.00576484
-0.0053612
-0.00504217
-0.00485594
-0.00473714
-0.00472096
-0.00480864
-0.00482645
-0.00469368
-0.00455773
-0.00452665
-0.00452854
-0.00448513
-0.0044194
-0.00437138
-0.00433524
-0.0042928
-0.00424333
-0.00419668
-0.00415598
-0.00412152
-0.00409377
-0.00407291
-0.00405815
-0.00404821
-0.00404193
-0.00403843
-0.00403695
-0.00403693
-0.00403787
-0.00403969
-0.00404223
-0.00404544
-0.0040491
-0.00405334
-0.00405798
-0.00406322
-0.00406871
-0.00407487
-0.00408106
-0.00408811
-0.00409484
-0.00410273
-0.00410988
-0.00411857
-0.0041261
-0.0041354
-0.00414351
-0.004153
-0.00416218
-0.00417116
-0.0041821
-0.00418998
-0.00420282
-0.00421001
-0.00422349
-0.00423205
-0.00424344
-0.00425576
-0.00426362
-0.00427851
-0.00428589
-0.00429716
-0.00430779
-0.00431152
-0.00431822
-0.00431823
-0.00430542
-0.00428716
0.00133446
0.00160763
0.00171039
0.00171297
0.00176608
0.00173376
0.00153972
0.00125037
0.00082254
0.000288174
-7.25723e-05
-0.00019051
-0.000387636
-0.000801411
-0.00119639
-0.00138574
-0.00151789
-0.00186623
-0.00240858
-0.00288633
-0.00325634
-0.00371109
-0.00426575
-0.00477145
-0.00520331
-0.00558319
-0.0059008
-0.0061581
-0.00627963
-0.00620871
-0.00600711
-0.00569828
-0.00531896
-0.00501689
-0.0048434
-0.00473612
-0.00471906
-0.00479091
-0.00479829
-0.00467234
-0.0045471
-0.00451788
-0.00451708
-0.00447378
-0.00441035
-0.00436366
-0.00432803
-0.00428664
-0.00423926
-0.00419436
-0.00415517
-0.00412176
-0.00409459
-0.00407394
-0.00405917
-0.00404913
-0.00404273
-0.00403908
-0.00403745
-0.00403729
-0.00403809
-0.00403981
-0.00404237
-0.00404543
-0.00404907
-0.0040533
-0.00405794
-0.00406318
-0.00406867
-0.00407484
-0.00408103
-0.00408808
-0.00409482
-0.00410271
-0.00410986
-0.00411855
-0.00412608
-0.00413539
-0.0041435
-0.00415299
-0.00416218
-0.00417116
-0.00418209
-0.00418998
-0.00420282
-0.00421002
-0.00422348
-0.00423205
-0.00424345
-0.00425577
-0.00426365
-0.00427853
-0.00428595
-0.00429721
-0.0043079
-0.00431161
-0.00431836
-0.00431824
-0.0043055
-0.00428745
0.00122101
0.00145908
0.00156586
0.00153798
0.00158033
0.00161407
0.00144977
0.00113716
0.000739761
0.000255575
-0.000119404
-0.000254142
-0.000426115
-0.000836658
-0.00125371
-0.00144217
-0.0015544
-0.00188621
-0.00241778
-0.00288013
-0.00322239
-0.00364869
-0.00418782
-0.00467715
-0.00507798
-0.00542647
-0.00572558
-0.00597433
-0.00610425
-0.0060638
-0.00590115
-0.00562763
-0.00527504
-0.00498828
-0.00482551
-0.00472962
-0.00471363
-0.0047719
-0.00476943
-0.00464986
-0.00453545
-0.00450852
-0.00450475
-0.00446098
-0.00439984
-0.00435508
-0.00432045
-0.00428025
-0.00423476
-0.00419172
-0.00415399
-0.00412165
-0.00409516
-0.00407487
-0.00406016
-0.00404998
-0.00404334
-0.00403943
-0.00403759
-0.00403731
-0.00403801
-0.0040397
-0.00404225
-0.00404535
-0.00404899
-0.00405324
-0.00405788
-0.00406313
-0.00406863
-0.0040748
-0.004081
-0.00408805
-0.00409479
-0.00410269
-0.00410984
-0.00411854
-0.00412607
-0.00413538
-0.00414349
-0.00415299
-0.00416217
-0.00417116
-0.00418209
-0.00418998
-0.00420282
-0.00421002
-0.00422348
-0.00423206
-0.00424346
-0.00425577
-0.00426368
-0.00427854
-0.00428602
-0.00429726
-0.00430801
-0.00431171
-0.00431849
-0.00431826
-0.00430555
-0.00428772
0.00112445
0.0013152
0.00141433
0.0013781
0.00139147
0.0014637
0.00135142
0.00102635
0.000637066
0.000208717
-0.000159825
-0.000318223
-0.000470624
-0.000865798
-0.0013016
-0.00150472
-0.00160265
-0.00190264
-0.00241771
-0.002871
-0.00318876
-0.00358571
-0.00410507
-0.00457954
-0.00495346
-0.00526809
-0.00554963
-0.00579448
-0.00592786
-0.0059095
-0.00578595
-0.00555267
-0.00522912
-0.00495616
-0.00480202
-0.00471767
-0.00470499
-0.00475168
-0.00473996
-0.00462648
-0.00452229
-0.00449708
-0.00449047
-0.00444703
-0.0043889
-0.00434618
-0.00431234
-0.0042732
-0.00422961
-0.00418856
-0.00415247
-0.00412131
-0.00409554
-0.00407555
-0.0040609
-0.00405065
-0.00404391
-0.00403991
-0.00403797
-0.00403761
-0.00403818
-0.00404
-0.00404227
-0.00404531
-0.00404894
-0.00405317
-0.00405782
-0.00406307
-0.00406857
-0.00407475
-0.00408096
-0.00408802
-0.00409476
-0.00410267
-0.00410982
-0.00411852
-0.00412606
-0.00413537
-0.00414348
-0.00415298
-0.00416216
-0.00417116
-0.00418208
-0.00418998
-0.00420281
-0.00421002
-0.00422348
-0.00423206
-0.00424347
-0.00425578
-0.00426372
-0.00427855
-0.0042861
-0.00429732
-0.00430813
-0.00431182
-0.00431862
-0.00431829
-0.00430557
-0.00428797
0.00103341
0.00118664
0.00126141
0.00122643
0.00120981
0.00128272
0.00123333
0.000924003
0.000525235
0.000146667
-0.000197055
-0.000384367
-0.000527524
-0.00089035
-0.00133707
-0.00156987
-0.00165782
-0.0019153
-0.00240796
-0.00286472
-0.00316538
-0.0035163
-0.0040086
-0.00447945
-0.00482976
-0.0051106
-0.00538023
-0.00561909
-0.00574597
-0.00574531
-0.00566349
-0.00547368
-0.00518049
-0.0049209
-0.00477366
-0.00469993
-0.00469216
-0.00473
-0.0047098
-0.004601
-0.00450622
-0.00448383
-0.00447572
-0.00443276
-0.00437705
-0.0043361
-0.00430326
-0.00426552
-0.00422401
-0.00418502
-0.00415049
-0.00412049
-0.0040955
-0.00407601
-0.00406158
-0.00405133
-0.00404446
-0.00404025
-0.00403811
-0.00403763
-0.00403807
-0.00403973
-0.00404211
-0.00404518
-0.00404882
-0.00405306
-0.00405772
-0.00406298
-0.0040685
-0.00407469
-0.0040809
-0.00408797
-0.00409472
-0.00410263
-0.00410979
-0.0041185
-0.00412604
-0.00413536
-0.00414346
-0.00415297
-0.00416215
-0.00417115
-0.00418207
-0.00418998
-0.00420281
-0.00421003
-0.00422348
-0.00423207
-0.00424348
-0.00425578
-0.00426377
-0.00427857
-0.00428618
-0.00429739
-0.00430825
-0.00431194
-0.00431874
-0.00431833
-0.00430557
-0.00428818
0.000936357
0.00106939
0.00111212
0.00107283
0.00104129
0.00109087
0.00108828
0.00082323
0.000412568
6.53612e-05
-0.000236963
-0.000447997
-0.000592722
-0.000918582
-0.0013649
-0.00162038
-0.00171349
-0.00194025
-0.00239513
-0.00285319
-0.00314372
-0.00344106
-0.00390661
-0.00437937
-0.00470553
-0.00495583
-0.00521488
-0.00544317
-0.00556169
-0.00557794
-0.00553444
-0.00538751
-0.0051281
-0.00488337
-0.00474069
-0.0046758
-0.00467446
-0.0047059
-0.00467789
-0.00457358
-0.00448878
-0.00446977
-0.0044598
-0.00441678
-0.00436367
-0.00432507
-0.0042936
-0.00425732
-0.00421778
-0.00418079
-0.00414802
-0.00411934
-0.00409526
-0.00407626
-0.00406198
-0.00405172
-0.00404477
-0.00404048
-0.00403826
-0.00403779
-0.00403833
-0.00403978
-0.00404206
-0.00404508
-0.0040487
-0.00405295
-0.00405761
-0.00406288
-0.00406841
-0.00407461
-0.00408084
-0.00408791
-0.00409467
-0.00410259
-0.00410976
-0.00411847
-0.00412601
-0.00413534
-0.00414345
-0.00415296
-0.00416214
-0.00417114
-0.00418206
-0.00418998
-0.0042028
-0.00421003
-0.00422348
-0.00423207
-0.0042435
-0.00425578
-0.00426382
-0.00427859
-0.00428627
-0.00429748
-0.00430837
-0.00431207
-0.00431885
-0.00431837
-0.00430555
-0.00428835
0.000828912
0.000950211
0.000967177
0.000915259
0.000883773
0.000909521
0.000921117
0.000710963
0.00030089
-3.61541e-05
-0.000283953
-0.000498649
-0.000661834
-0.000959901
-0.00138839
-0.00165643
-0.00176688
-0.00197434
-0.00238351
-0.00283031
-0.00311748
-0.00337498
-0.00380666
-0.00426862
-0.00457715
-0.00480661
-0.00505199
-0.00526801
-0.00538188
-0.00541048
-0.00539582
-0.00529115
-0.00507177
-0.00484483
-0.00470402
-0.00464442
-0.00464985
-0.00467872
-0.00464592
-0.00454581
-0.00446914
-0.00445283
-0.00444179
-0.00439965
-0.00434947
-0.00431318
-0.00428305
-0.00424829
-0.00421084
-0.00417599
-0.00414501
-0.00411764
-0.00409448
-0.00407605
-0.0040621
-0.00405199
-0.00404504
-0.00404065
-0.0040383
-0.00403727
-0.00403799
-0.00403951
-0.00404184
-0.00404489
-0.00404853
-0.00405279
-0.00405747
-0.00406276
-0.0040683
-0.00407452
-0.00408076
-0.00408784
-0.00409461
-0.00410254
-0.00410971
-0.00411843
-0.00412598
-0.00413531
-0.00414343
-0.00415294
-0.00416213
-0.00417114
-0.00418205
-0.00418998
-0.0042028
-0.00421003
-0.00422349
-0.00423207
-0.00424353
-0.00425578
-0.00426387
-0.00427861
-0.00428636
-0.00429757
-0.00430849
-0.00431222
-0.00431894
-0.00431841
-0.00430551
-0.00428849
0.000718856
0.000821321
0.00082106
0.00075469
0.000726592
0.00074759
0.00074849
0.000576635
0.000189759
-0.000150205
-0.000347553
-0.000535913
-0.000728625
-0.00101307
-0.00141447
-0.00169242
-0.00180486
-0.00199763
-0.00238473
-0.00280725
-0.00308317
-0.00331665
-0.00370515
-0.00414677
-0.00445108
-0.0046629
-0.00488863
-0.00509568
-0.00520879
-0.0052442
-0.00524893
-0.00518332
-0.00500957
-0.00480596
-0.00466417
-0.00460459
-0.00461805
-0.00464997
-0.00461417
-0.00451567
-0.00444566
-0.00443349
-0.00442295
-0.00438171
-0.00433395
-0.00429997
-0.0042715
-0.00423848
-0.00420317
-0.00417045
-0.00414128
-0.00411536
-0.0040933
-0.00407557
-0.00406199
-0.00405201
-0.00404505
-0.00404061
-0.00403819
-0.00403735
-0.00403792
-0.00403938
-0.00404166
-0.00404469
-0.00404833
-0.0040526
-0.00405731
-0.00406261
-0.00406817
-0.00407441
-0.00408066
-0.00408776
-0.00409454
-0.00410248
-0.00410966
-0.00411839
-0.00412595
-0.00413528
-0.0041434
-0.00415292
-0.00416211
-0.00417113
-0.00418204
-0.00418997
-0.00420279
-0.00421003
-0.0042235
-0.00423207
-0.00424356
-0.00425578
-0.00426393
-0.00427865
-0.00428645
-0.00429768
-0.00430861
-0.00431239
-0.00431903
-0.00431844
-0.00430547
-0.00428859
0.0006149
0.000686895
0.000668027
0.000588444
0.000560624
0.000596312
0.00058691
0.000430822
7.88039e-05
-0.000270365
-0.000438311
-0.000574094
-0.000780702
-0.00106761
-0.00144975
-0.00173169
-0.00182912
-0.00200853
-0.00239382
-0.00278911
-0.0030436
-0.00325633
-0.00360293
-0.00402685
-0.00432782
-0.00451526
-0.00472451
-0.00493253
-0.0050428
-0.00507813
-0.00509736
-0.00506529
-0.00493773
-0.00476463
-0.0046236
-0.00455925
-0.00457887
-0.00461703
-0.0045808
-0.00448377
-0.00441989
-0.00441219
-0.00440248
-0.00436214
-0.00431686
-0.00428545
-0.0042589
-0.00422776
-0.00419466
-0.00416416
-0.00413689
-0.00411247
-0.00409151
-0.00407455
-0.00406144
-0.0040517
-0.00404487
-0.00404045
-0.00403796
-0.00403706
-0.00403757
-0.00403905
-0.00404135
-0.00404441
-0.00404807
-0.00405237
-0.0040571
-0.00406243
-0.00406801
-0.00407427
-0.00408054
-0.00408766
-0.00409446
-0.00410241
-0.0041096
-0.00411834
-0.0041259
-0.00413525
-0.00414337
-0.0041529
-0.00416209
-0.00417111
-0.00418203
-0.00418996
-0.00420279
-0.00421003
-0.00422351
-0.00423207
-0.00424359
-0.00425579
-0.00426399
-0.00427869
-0.00428654
-0.00429781
-0.00430872
-0.00431256
-0.00431911
-0.00431847
-0.00430542
-0.00428864
0.000527007
0.000564904
0.000514807
0.000414603
0.000380401
0.000436286
0.000442278
0.000297053
-3.52476e-05
-0.00039281
-0.000554866
-0.000633467
-0.000812478
-0.00111044
-0.00149176
-0.0017744
-0.00186279
-0.00200999
-0.00237881
-0.00277786
-0.00301962
-0.00318856
-0.00349571
-0.00391411
-0.00420608
-0.00436328
-0.00456356
-0.00477819
-0.00488023
-0.00491221
-0.00494751
-0.00494079
-0.00485183
-0.00471771
-0.00458627
-0.00451059
-0.00452878
-0.00457717
-0.00454769
-0.00445227
-0.00439106
-0.00438712
-0.00437982
-0.00434129
-0.00429841
-0.00426955
-0.00424518
-0.00421615
-0.00418528
-0.00415696
-0.00413163
-0.00410881
-0.0040891
-0.00407303
-0.00406049
-0.00405107
-0.00404438
-0.00404002
-0.00403758
-0.00403672
-0.0040372
-0.00403868
-0.004041
-0.00404407
-0.00404776
-0.00405209
-0.00405685
-0.00406221
-0.00406782
-0.0040741
-0.0040804
-0.00408754
-0.00409435
-0.00410232
-0.00410953
-0.00411828
-0.00412585
-0.00413521
-0.00414334
-0.00415287
-0.00416207
-0.00417109
-0.00418202
-0.00418995
-0.00420279
-0.00421002
-0.00422352
-0.00423206
-0.00424362
-0.0042558
-0.00426405
-0.00427875
-0.00428662
-0.00429796
-0.00430882
-0.00431273
-0.0043192
-0.00431849
-0.00430537
-0.00428866
0.000457262
0.000476402
0.000374524
0.000240565
0.00018481
0.000254214
0.000304026
0.000182241
-0.000143666
-0.000508589
-0.000687548
-0.000724539
-0.000839829
-0.00113527
-0.00152833
-0.00182038
-0.0019144
-0.00200694
-0.00233405
-0.00276829
-0.00301366
-0.00311965
-0.00338399
-0.00380192
-0.00408797
-0.00421681
-0.00440243
-0.00462433
-0.00472433
-0.00475163
-0.00479982
-0.00481278
-0.00475326
-0.00466072
-0.0045497
-0.00446113
-0.00446977
-0.00453009
-0.004514
-0.00442032
-0.0043585
-0.00435823
-0.00435538
-0.0043194
-0.00427853
-0.00425208
-0.00423016
-0.00420339
-0.00417479
-0.00414876
-0.0041255
-0.00410441
-0.00408601
-0.00407089
-0.00405899
-0.00404999
-0.00404357
-0.00403937
-0.00403701
-0.0040362
-0.00403667
-0.00403818
-0.00404053
-0.00404365
-0.00404738
-0.00405174
-0.00405654
-0.00406194
-0.00406759
-0.0040739
-0.00408023
-0.00408739
-0.00409423
-0.00410222
-0.00410944
-0.0041182
-0.00412579
-0.00413516
-0.0041433
-0.00415284
-0.00416204
-0.00417107
-0.004182
-0.00418994
-0.00420278
-0.00421001
-0.00422353
-0.00423206
-0.00424366
-0.00425581
-0.00426412
-0.00427882
-0.0042867
-0.00429812
-0.00430893
-0.00431291
-0.00431928
-0.00431849
-0.00430531
-0.00428865
0.000379271
0.000418035
0.000269528
8.46134e-05
-1.47138e-05
4.96494e-05
0.000146063
7.18046e-05
-0.00022651
-0.000607551
-0.000822546
-0.000843921
-0.000894277
-0.00114574
-0.00154075
-0.00186343
-0.00197598
-0.00202021
-0.00228244
-0.00272818
-0.00300754
-0.00307863
-0.00327458
-0.00367154
-0.00397453
-0.00408884
-0.00423885
-0.00446415
-0.00457973
-0.00459986
-0.00465094
-0.00468492
-0.004647
-0.0045877
-0.00450863
-0.00441698
-0.00440686
-0.00447206
-0.00447553
-0.00438903
-0.00432448
-0.00432564
-0.00432831
-0.00429607
-0.00425703
-0.00423278
-0.0042136
-0.00418944
-0.00416326
-0.00413954
-0.00411839
-0.00409907
-0.00408209
-0.00406805
-0.00405694
-0.00404848
-0.00404239
-0.00403839
-0.00403617
-0.00403544
-0.00403598
-0.00403754
-0.00403995
-0.00404312
-0.00404691
-0.00405133
-0.00405617
-0.00406162
-0.00406731
-0.00407367
-0.00408002
-0.00408722
-0.00409408
-0.00410209
-0.00410934
-0.00411812
-0.00412572
-0.0041351
-0.00414325
-0.0041528
-0.00416201
-0.00417105
-0.00418199
-0.00418993
-0.00420278
-0.00421
-0.00422354
-0.00423206
-0.00424369
-0.00425583
-0.00426417
-0.0042789
-0.00428678
-0.00429829
-0.00430903
-0.00431307
-0.00431937
-0.00431847
-0.00430525
-0.0042886
0.00024544
0.000360439
0.000209314
-3.20276e-05
-0.000195495
-0.000168932
-4.83383e-05
-4.89836e-05
-0.000288467
-0.000679552
-0.000941859
-0.000983585
-0.000988184
-0.00115459
-0.00152891
-0.00189278
-0.00203463
-0.00206184
-0.00224263
-0.00264546
-0.00298883
-0.00307499
-0.00317451
-0.00352057
-0.00386422
-0.00398167
-0.00407768
-0.00429574
-0.00444362
-0.00446004
-0.00450105
-0.00455653
-0.00453893
-0.00450053
-0.0044576
-0.00437733
-0.00434398
-0.00440321
-0.00443014
-0.00435888
-0.0042901
-0.0042886
-0.00429743
-0.00427111
-0.00423421
-0.00421176
-0.00419548
-0.00417426
-0.00415055
-0.00412912
-0.00411016
-0.00409276
-0.00407732
-0.00406446
-0.00405422
-0.00404639
-0.00404073
-0.00403703
-0.00403502
-0.00403445
-0.00403509
-0.00403674
-0.00403923
-0.00404248
-0.00404634
-0.00405083
-0.00405574
-0.00406124
-0.00406699
-0.00407338
-0.00407978
-0.00408701
-0.00409391
-0.00410194
-0.00410921
-0.00411801
-0.00412564
-0.00413502
-0.00414319
-0.00415275
-0.00416197
-0.00417102
-0.00418197
-0.00418991
-0.00420278
-0.00420999
-0.00422356
-0.00423206
-0.00424373
-0.00425586
-0.00426423
-0.004279
-0.00428686
-0.00429847
-0.00430913
-0.00431322
-0.00431947
-0.00431845
-0.00430517
-0.00428854
4.33247e-05
0.000252587
0.000166885
-0.000101179
-0.000332671
-0.000379444
-0.000266296
-0.000201854
-0.000358819
-0.000719196
-0.00103187
-0.00112364
-0.00110725
-0.00119463
-0.00151031
-0.00188888
-0.00208155
-0.00212232
-0.00222638
-0.00255084
-0.00293801
-0.00307644
-0.00310465
-0.003373
-0.0037382
-0.00388078
-0.00393498
-0.00412657
-0.00430466
-0.00433123
-0.00435586
-0.0044261
-0.00443287
-0.00440495
-0.00439032
-0.00433609
-0.00428743
-0.00432884
-0.00437438
-0.00432616
-0.00425625
-0.00424846
-0.00426256
-0.00424428
-0.00421026
-0.00418898
-0.00417548
-0.00415755
-0.00413653
-0.00411747
-0.00410078
-0.00408539
-0.00407158
-0.00406
-0.00405076
-0.00404367
-0.00403856
-0.00403526
-0.00403353
-0.00403317
-0.00403396
-0.00403575
-0.00403835
-0.00404171
-0.00404566
-0.00405023
-0.00405521
-0.00406079
-0.0040666
-0.00407305
-0.0040795
-0.00408677
-0.0040937
-0.00410177
-0.00410907
-0.00411789
-0.00412553
-0.00413494
-0.00414312
-0.00415269
-0.00416193
-0.00417098
-0.00418194
-0.00418988
-0.00420277
-0.00420998
-0.00422357
-0.00423206
-0.00424376
-0.0042559
-0.00426428
-0.00427911
-0.00428693
-0.00429864
-0.00430925
-0.00431335
-0.00431957
-0.00431841
-0.00430508
-0.00428845
-0.000190528
6.75405e-05
9.0946e-05
-0.000139205
-0.000416792
-0.000549502
-0.00048546
-0.000392302
-0.000458605
-0.00074573
-0.00108451
-0.00123799
-0.00124011
-0.00127731
-0.00149768
-0.00185795
-0.0021097
-0.00217764
-0.00224037
-0.00247846
-0.002845
-0.00305497
-0.00307927
-0.0032472
-0.00358444
-0.0037785
-0.0038238
-0.00396398
-0.00415244
-0.00421056
-0.00422395
-0.00429306
-0.00432568
-0.00430783
-0.00430875
-0.00428671
-0.00423751
-0.00425426
-0.00430733
-0.00428748
-0.00422397
-0.00420746
-0.00422338
-0.00421437
-0.00418485
-0.00416455
-0.00415354
-0.00413924
-0.00412121
-0.00410452
-0.0040901
-0.00407682
-0.00406478
-0.00405461
-0.00404649
-0.00404027
-0.00403581
-0.00403299
-0.00403162
-0.00403154
-0.00403255
-0.00403452
-0.00403728
-0.00404077
-0.00404483
-0.00404951
-0.00405459
-0.00406025
-0.00406613
-0.00407265
-0.00407916
-0.00408648
-0.00409346
-0.00410156
-0.0041089
-0.00411775
-0.00412542
-0.00413484
-0.00414304
-0.00415263
-0.00416188
-0.00417094
-0.00418192
-0.00418986
-0.00420277
-0.00420997
-0.00422359
-0.00423207
-0.0042438
-0.00425595
-0.00426433
-0.00427923
-0.00428701
-0.00429881
-0.00430937
-0.00431347
-0.00431967
-0.00431837
-0.00430498
-0.00428834
-0.000405972
-0.000168995
-5.04534e-05
-0.000189695
-0.000461966
-0.000663209
-0.000679211
-0.000596681
-0.000596715
-0.000791149
-0.0011069
-0.0013176
-0.0013661
-0.00138117
-0.00151796
-0.00182442
-0.00210386
-0.00221659
-0.00227663
-0.00243504
-0.00273651
-0.00300288
-0.00306948
-0.00315142
-0.00342692
-0.00366663
-0.00372951
-0.00381684
-0.00399426
-0.00409113
-0.00410547
-0.00416102
-0.00421516
-0.00421377
-0.00421893
-0.004223
-0.00418883
-0.00418568
-0.00423357
-0.00423978
-0.00419085
-0.00416677
-0.00418043
-0.0041806
-0.00415781
-0.00413886
-0.00412974
-0.00411911
-0.00410437
-0.00409017
-0.00407806
-0.004067
-0.00405685
-0.00404821
-0.00404132
-0.00403608
-0.00403239
-0.00403016
-0.00402926
-0.00402953
-0.00403083
-0.00403302
-0.00403598
-0.00403964
-0.00404385
-0.00404866
-0.00405386
-0.00405962
-0.00406559
-0.00407219
-0.00407876
-0.00408614
-0.00409317
-0.00410132
-0.0041087
-0.00411758
-0.00412528
-0.00413472
-0.00414295
-0.00415255
-0.00416182
-0.00417089
-0.00418189
-0.00418983
-0.00420276
-0.00420996
-0.0042236
-0.00423208
-0.00424383
-0.00425601
-0.00426438
-0.00427935
-0.00428709
-0.00429897
-0.0043095
-0.00431356
-0.00431977
-0.00431832
-0.00430486
-0.00428822
-0.000564555
-0.000403938
-0.000247815
-0.000286987
-0.000501275
-0.000730518
-0.000824774
-0.000788046
-0.000762095
-0.000871647
-0.00112498
-0.00136321
-0.00146295
-0.00149071
-0.00157603
-0.00180133
-0.00207449
-0.00223654
-0.00230942
-0.00241906
-0.00264974
-0.00291845
-0.0030404
-0.00309407
-0.00329237
-0.00353469
-0.00363474
-0.00369637
-0.00384237
-0.00396371
-0.00399601
-0.0040381
-0.00410104
-0.00411999
-0.00412743
-0.00414666
-0.00413564
-0.00412428
-0.00415825
-0.00418168
-0.0041534
-0.00412735
-0.00413582
-0.0041429
-0.00412843
-0.00411188
-0.00410417
-0.00409702
-0.00408592
-0.0040744
-0.00406463
-0.00405585
-0.00404771
-0.00404072
-0.00403518
-0.00403105
-0.00402824
-0.00402671
-0.00402636
-0.00402708
-0.00402873
-0.00403122
-0.00403443
-0.0040383
-0.00404269
-0.00404766
-0.00405299
-0.00405887
-0.00406496
-0.00407164
-0.0040783
-0.00408575
-0.00409284
-0.00410104
-0.00410846
-0.00411738
-0.00412512
-0.00413459
-0.00414284
-0.00415246
-0.00416175
-0.00417083
-0.00418185
-0.00418979
-0.00420274
-0.00420995
-0.0042236
-0.0042321
-0.00424385
-0.00425608
-0.00426443
-0.00427947
-0.00428718
-0.00429912
-0.00430964
-0.00431364
-0.00431986
-0.00431828
-0.00430472
-0.00428808
-0.000661419
-0.00059328
-0.000461902
-0.000433271
-0.000568121
-0.000777136
-0.000922021
-0.000946063
-0.000929236
-0.000984059
-0.00116333
-0.00138773
-0.00152882
-0.00158767
-0.00165025
-0.0018061
-0.002044
-0.00223036
-0.00232773
-0.00242284
-0.00259047
-0.00282121
-0.00298823
-0.003057
-0.00318528
-0.00339644
-0.00353412
-0.00359639
-0.00370503
-0.00383123
-0.00388931
-0.00392571
-0.00398614
-0.00402446
-0.00403899
-0.00406326
-0.00407279
-0.00406587
-0.00408637
-0.00411638
-0.0041093
-0.00408819
-0.00409108
-0.00410161
-0.00409587
-0.00408341
-0.00407713
-0.00407303
-0.00406573
-0.00405715
-0.00404977
-0.00404331
-0.00403729
-0.00403208
-0.00402801
-0.0040251
-0.00402331
-0.00402259
-0.00402289
-0.00402414
-0.00402623
-0.00402908
-0.00403258
-0.00403671
-0.00404133
-0.00404648
-0.00405198
-0.00405801
-0.00406421
-0.00407101
-0.00407776
-0.00408529
-0.00409246
-0.00410072
-0.00410819
-0.00411715
-0.00412493
-0.00413443
-0.00414272
-0.00415235
-0.00416167
-0.00417076
-0.0041818
-0.00418975
-0.00420272
-0.00420993
-0.00422361
-0.00423212
-0.00424388
-0.00425614
-0.00426448
-0.00427959
-0.00428728
-0.00429925
-0.00430978
-0.00431371
-0.00431994
-0.00431825
-0.00430458
-0.00428792
-0.000717271
-0.000726817
-0.000652424
-0.000604593
-0.000671796
-0.000831514
-0.000988454
-0.00106357
-0.00107687
-0.00111082
-0.00122848
-0.00141271
-0.00157064
-0.00165976
-0.00172527
-0.00183776
-0.00202337
-0.00220857
-0.00233154
-0.00242649
-0.00255336
-0.00273917
-0.00291694
-0.00301242
-0.00310585
-0.00327343
-0.00342481
-0.00350324
-0.00358763
-0.00370184
-0.00377946
-0.00382213
-0.00387716
-0.00392691
-0.00395192
-0.00397781
-0.00400106
-0.00400625
-0.0040198
-0.0040484
-0.00405764
-0.00404678
-0.00404691
-0.0040581
-0.00406002
-0.00405311
-0.00404881
-0.00404729
-0.00404371
-0.00403834
-0.00403347
-0.00402936
-0.00402556
-0.00402224
-0.00401976
-0.0040182
-0.00401752
-0.00401773
-0.00401879
-0.00402067
-0.00402327
-0.00402655
-0.00403042
-0.00403485
-0.00403973
-0.00404511
-0.00405081
-0.004057
-0.00406335
-0.00407028
-0.00407714
-0.00408477
-0.00409201
-0.00410035
-0.00410788
-0.00411689
-0.00412471
-0.00413425
-0.00414257
-0.00415223
-0.00416158
-0.00417068
-0.00418175
-0.00418971
-0.0042027
-0.00420992
-0.00422361
-0.00423215
-0.0042439
-0.00425621
-0.00426454
-0.00427971
-0.00428738
-0.00429937
-0.00430992
-0.00431377
-0.00431999
-0.00431821
-0.00430442
-0.00428775
-0.000760062
-0.000817587
-0.000802116
-0.000770842
-0.000799764
-0.000907979
-0.00104691
-0.00114871
-0.0011956
-0.00123208
-0.00131224
-0.00145145
-0.00160088
-0.00171008
-0.00178871
-0.00188006
-0.00202074
-0.00218666
-0.00232061
-0.00242212
-0.00253146
-0.00267752
-0.00283871
-0.00295598
-0.0030446
-0.00317205
-0.00331413
-0.00340977
-0.00348585
-0.00358272
-0.00366946
-0.0037241
-0.00377527
-0.0038284
-0.00386492
-0.00389459
-0.00392473
-0.00394228
-0.00395635
-0.00398134
-0.00400024
-0.00400147
-0.00400304
-0.0040138
-0.00402128
-0.00402056
-0.00401919
-0.00402006
-0.00401994
-0.00401794
-0.00401575
-0.00401403
-0.00401249
-0.00401118
-0.0040104
-0.00401029
-0.00401085
-0.00401209
-0.00401402
-0.00401661
-0.00401982
-0.0040236
-0.00402789
-0.00403268
-0.00403787
-0.00404352
-0.00404945
-0.00405584
-0.00406236
-0.00406943
-0.00407642
-0.00408416
-0.0040915
-0.00409992
-0.00410752
-0.00411659
-0.00412447
-0.00413404
-0.00414241
-0.00415209
-0.00416147
-0.00417059
-0.00418168
-0.00418966
-0.00420267
-0.00420991
-0.00422361
-0.00423217
-0.00424393
-0.00425628
-0.0042646
-0.00427981
-0.00428749
-0.00429948
-0.00431005
-0.00431383
-0.00432003
-0.00431818
-0.00430426
-0.00428756
-0.00081129
-0.000886532
-0.000914318
-0.000913116
-0.000932122
-0.00100309
-0.00111228
-0.00121674
-0.00128692
-0.00133614
-0.00140075
-0.00150465
-0.00163232
-0.00174633
-0.00183584
-0.0019218
-0.0020334
-0.00217173
-0.0023026
-0.00241055
-0.00251289
-0.00263147
-0.00276916
-0.00289286
-0.00298697
-0.00308963
-0.00321217
-0.00331533
-0.00339401
-0.00347829
-0.00356344
-0.00362724
-0.0036797
-0.00373366
-0.00377871
-0.00381362
-0.0038471
-0.00387403
-0.00389362
-0.003917
-0.00394028
-0.00395197
-0.00395835
-0.00396942
-0.00398056
-0.00398571
-0.00398818
-0.00399158
-0.00399461
-0.00399599
-0.00399664
-0.00399737
-0.00399813
-0.00399891
-0.00399994
-0.00400137
-0.00400327
-0.00400566
-0.00400855
-0.00401195
-0.00401584
-0.00402021
-0.00402499
-0.0040302
-0.00403575
-0.0040417
-0.00404789
-0.00405451
-0.00406123
-0.00406847
-0.00407561
-0.00408347
-0.00409092
-0.00409943
-0.00410711
-0.00411625
-0.00412418
-0.00413381
-0.00414222
-0.00415194
-0.00416135
-0.00417049
-0.00418161
-0.00418961
-0.00420263
-0.00420989
-0.00422361
-0.0042322
-0.00424396
-0.00425635
-0.00426466
-0.00427991
-0.0042876
-0.00429957
-0.00431017
-0.00431389
-0.00432005
-0.00431813
-0.0043041
-0.00428736
-0.000878816
-0.000951695
-0.001002
-0.00102796
-0.00105329
-0.00110497
-0.00118743
-0.00128039
-0.00135933
-0.00142081
-0.00148281
-0.00156536
-0.00166997
-0.0017767
-0.00187048
-0.00195666
-0.0020521
-0.00216641
-0.00228599
-0.00239375
-0.00249254
-0.00259639
-0.00271342
-0.00282988
-0.00292756
-0.00301983
-0.00312439
-0.00322539
-0.00330798
-0.00338531
-0.00346452
-0.0035335
-0.00359047
-0.00364453
-0.00369371
-0.00373424
-0.00377107
-0.00380413
-0.00383032
-0.00385502
-0.00388033
-0.00389944
-0.00391208
-0.00392514
-0.0039389
-0.00394899
-0.00395575
-0.00396205
-0.00396802
-0.00397265
-0.00397623
-0.00397948
-0.00398257
-0.00398549
-0.0039884
-0.00399147
-0.0039948
-0.00399842
-0.00400236
-0.00400667
-0.00401133
-0.00401634
-0.00402168
-0.00402737
-0.00403333
-0.00403963
-0.00404612
-0.004053
-0.00405994
-0.00406738
-0.00407468
-0.00408269
-0.00409026
-0.00409887
-0.00410665
-0.00411586
-0.00412386
-0.00413354
-0.004142
-0.00415176
-0.00416121
-0.00417038
-0.00418153
-0.00418954
-0.00420259
-0.00420987
-0.0042236
-0.00423222
-0.00424398
-0.00425641
-0.00426473
-0.00428
-0.0042877
-0.00429966
-0.00431027
-0.00431394
-0.00432005
-0.00431809
-0.00430394
-0.00428715
-0.000959501
-0.00102174
-0.00107845
-0.00112106
-0.00115699
-0.00120258
-0.00126721
-0.00134519
-0.00142208
-0.00148972
-0.00155351
-0.00162561
-0.00171238
-0.0018069
-0.00189804
-0.00198362
-0.00207104
-0.00216869
-0.00227377
-0.00237564
-0.00247157
-0.00256725
-0.00266843
-0.00277261
-0.00286925
-0.0029583
-0.00305038
-0.00314326
-0.0032262
-0.00330144
-0.00337596
-0.00344567
-0.00350592
-0.00356078
-0.00361222
-0.00365752
-0.00369786
-0.0037348
-0.00376657
-0.00379467
-0.0038219
-0.00384584
-0.00386442
-0.00388083
-0.00389708
-0.00391112
-0.0039221
-0.00393163
-0.00394048
-0.00394818
-0.00395469
-0.00396053
-0.00396596
-0.00397104
-0.00397589
-0.00398067
-0.00398549
-0.00399042
-0.0039955
-0.00400079
-0.00400628
-0.00401202
-0.00401798
-0.0040242
-0.00403061
-0.00403731
-0.00404414
-0.00405131
-0.0040585
-0.00406615
-0.00407364
-0.00408181
-0.00408952
-0.00409825
-0.00410613
-0.00411543
-0.0041235
-0.00413324
-0.00414176
-0.00415156
-0.00416106
-0.00417026
-0.00418143
-0.00418947
-0.00420254
-0.00420985
-0.00422359
-0.00423224
-0.00424401
-0.00425646
-0.0042648
-0.00428008
-0.0042878
-0.00429974
-0.00431036
-0.00431398
-0.00432004
-0.00431803
-0.00430378
-0.00428694
-0.0010455
-0.00109683
-0.00115108
-0.00120012
-0.00124383
-0.00128958
-0.00134495
-0.00141078
-0.00148083
-0.00154842
-0.00161315
-0.00168044
-0.00175572
-0.00183843
-0.00192282
-0.00200523
-0.00208745
-0.00217414
-0.00226662
-0.00236039
-0.0024514
-0.00254046
-0.00263115
-0.00272475
-0.00281636
-0.00290212
-0.00298614
-0.00307095
-0.00315167
-0.00322597
-0.00329698
-0.00336488
-0.00342678
-0.00348325
-0.0035361
-0.00358439
-0.00362787
-0.00366783
-0.00370386
-0.00373588
-0.00376562
-0.00379293
-0.00381631
-0.00383663
-0.00385563
-0.00387294
-0.00388773
-0.00390059
-0.00391232
-0.0039229
-0.00393226
-0.00394068
-0.00394845
-0.00395569
-0.00396251
-0.00396905
-0.00397542
-0.00398172
-0.00398801
-0.00399434
-0.00400074
-0.00400727
-0.00401391
-0.00402071
-0.00402763
-0.00403476
-0.00404197
-0.00404946
-0.00405693
-0.00406482
-0.00407252
-0.00408086
-0.00408872
-0.00409758
-0.00410557
-0.00411496
-0.00412312
-0.00413293
-0.0041415
-0.00415135
-0.00416089
-0.00417012
-0.00418133
-0.0041894
-0.00420249
-0.00420982
-0.00422358
-0.00423225
-0.00424404
-0.00425652
-0.00426486
-0.00428015
-0.00428789
-0.00429982
-0.00431043
-0.00431402
-0.00432002
-0.00431797
-0.00430364
-0.00428674
-0.00112884
-0.00117257
-0.00122158
-0.00127077
-0.00131784
-0.00136497
-0.00141636
-0.00147425
-0.00153697
-0.00160088
-0.00166419
-0.00172846
-0.00179674
-0.00187022
-0.00194687
-0.00202405
-0.00210136
-0.00218069
-0.00226355
-0.00234855
-0.00243309
-0.00251664
-0.00260045
-0.00268538
-0.00276983
-0.00285132
-0.00293055
-0.00300925
-0.00308585
-0.00315812
-0.0032268
-0.00329279
-0.00335487
-0.00341236
-0.00346609
-0.00351617
-0.00356223
-0.00360475
-0.00364387
-0.00367936
-0.00371194
-0.0037421
-0.00376921
-0.00379326
-0.00381524
-0.00383546
-0.00385354
-0.00386958
-0.00388412
-0.00389739
-0.00390938
-0.00392027
-0.0039303
-0.00393963
-0.00394836
-0.00395663
-0.00396457
-0.00397225
-0.00397977
-0.00398719
-0.00399455
-0.00400191
-0.00400928
-0.00401673
-0.0040242
-0.00403182
-0.00403944
-0.0040473
-0.00405509
-0.00406325
-0.00407118
-0.00407973
-0.00408777
-0.00409678
-0.0041049
-0.0041144
-0.00412265
-0.00413254
-0.00414119
-0.00415109
-0.00416068
-0.00416996
-0.0041812
-0.00418931
-0.00420243
-0.00420978
-0.00422356
-0.00423226
-0.00424406
-0.00425656
-0.00426492
-0.00428022
-0.00428797
-0.00429988
-0.00431049
-0.00431406
-0.00432
-0.00431789
-0.00430349
-0.00428654
-0.00120471
-0.00124448
-0.00128897
-0.00133578
-0.00138289
-0.00143029
-0.00147967
-0.00153272
-0.00158957
-0.00164883
-0.00170913
-0.00177047
-0.00183403
-0.00190085
-0.00197058
-0.00204193
-0.00211413
-0.00218752
-0.00226296
-0.00234036
-0.00241854
-0.00249655
-0.00257433
-0.00265235
-0.00273046
-0.00280741
-0.00288251
-0.00295628
-0.0030286
-0.00309836
-0.00316518
-0.00322939
-0.00329064
-0.0033484
-0.00340279
-0.00345401
-0.00350186
-0.00354641
-0.00358787
-0.00362616
-0.00366148
-0.00369422
-0.00372433
-0.00375167
-0.00377664
-0.00379965
-0.00382065
-0.00383966
-0.00385697
-0.00387282
-0.00388732
-0.0039006
-0.00391283
-0.00392418
-0.00393478
-0.00394474
-0.0039542
-0.00396324
-0.00397197
-0.00398045
-0.00398874
-0.00399692
-0.004005
-0.00401305
-0.00402106
-0.00402913
-0.00403715
-0.00404535
-0.00405343
-0.00406185
-0.00407
-0.00407873
-0.00408693
-0.00409608
-0.00410431
-0.00411391
-0.00412225
-0.00413221
-0.00414092
-0.00415088
-0.00416051
-0.00416982
-0.0041811
-0.00418923
-0.00420237
-0.00420975
-0.00422355
-0.00423227
-0.00424409
-0.0042566
-0.00426498
-0.00428028
-0.00428804
-0.00429995
-0.00431054
-0.00431408
-0.00431997
-0.00431782
-0.00430336
-0.00428636
-0.00127222
-0.00131027
-0.00135177
-0.00139586
-0.00144137
-0.00148776
-0.00153549
-0.00158543
-0.00163809
-0.00169315
-0.00174993
-0.00180806
-0.00186781
-0.00192972
-0.0019939
-0.0020599
-0.00212718
-0.00219558
-0.00226533
-0.00233652
-0.00240869
-0.00248118
-0.00255373
-0.0026264
-0.00269909
-0.00277119
-0.00284213
-0.00291189
-0.00298047
-0.00304733
-0.00311195
-0.0031743
-0.00323429
-0.00329159
-0.00334605
-0.00339773
-0.00344654
-0.00349246
-0.00353557
-0.00357587
-0.0036134
-0.00364834
-0.00368081
-0.00371078
-0.00373837
-0.00376386
-0.00378738
-0.00380898
-0.0038288
-0.00384705
-0.00386388
-0.00387939
-0.00389373
-0.00390706
-0.00391949
-0.00393116
-0.00394217
-0.00395264
-0.00396266
-0.0039723
-0.00398163
-0.00399073
-0.00399963
-0.00400841
-0.00401705
-0.00402568
-0.00403419
-0.00404281
-0.00405126
-0.00406
-0.00406843
-0.0040774
-0.00408581
-0.00409513
-0.00410352
-0.00411325
-0.0041217
-0.00413176
-0.00414055
-0.00415057
-0.00416026
-0.00416963
-0.00418095
-0.00418911
-0.00420229
-0.0042097
-0.00422352
-0.00423226
-0.0042441
-0.00425663
-0.00426502
-0.00428033
-0.0042881
-0.0043
-0.00431057
-0.00431409
-0.00431994
-0.00431775
-0.00430323
-0.00428618
-0.0013315
-0.00136893
-0.00140886
-0.00145099
-0.00149477
-0.00153976
-0.00158598
-0.00163377
-0.00168351
-0.00173528
-0.00178886
-0.00184399
-0.00190063
-0.00195892
-0.00201897
-0.00208066
-0.0021437
-0.00220789
-0.00227316
-0.00233951
-0.00240679
-0.00247466
-0.00254282
-0.00261108
-0.0026793
-0.00274725
-0.00281457
-0.00288099
-0.00294638
-0.00301047
-0.00307294
-0.00313356
-0.00319221
-0.00324869
-0.00330284
-0.00335458
-0.00340387
-0.00345063
-0.00349487
-0.00353659
-0.00357578
-0.00361248
-0.00364677
-0.00367868
-0.00370827
-0.00373571
-0.00376114
-0.00378467
-0.00380641
-0.00382652
-0.00384514
-0.00386239
-0.00387838
-0.00389325
-0.00390712
-0.00392012
-0.00393236
-0.00394395
-0.00395498
-0.00396555
-0.00397571
-0.00398556
-0.00399512
-0.00400449
-0.00401366
-0.00402276
-0.00403167
-0.00404066
-0.00404942
-0.00405843
-0.0040671
-0.00407628
-0.00408487
-0.00409434
-0.00410287
-0.00411271
-0.00412126
-0.00413139
-0.00414025
-0.00415033
-0.00416007
-0.00416948
-0.00418083
-0.00418903
-0.00420223
-0.00420966
-0.0042235
-0.00423226
-0.00424412
-0.00425666
-0.00426506
-0.00428038
-0.00428815
-0.00430004
-0.00431061
-0.0043141
-0.00431992
-0.00431768
-0.00430312
-0.00428604
-0.00137468
-0.00141146
-0.00145005
-0.00149039
-0.00153228
-0.00157552
-0.00162007
-0.00166603
-0.0017136
-0.00176287
-0.00181379
-0.00186626
-0.00192018
-0.00197553
-0.00203232
-0.00209052
-0.00215001
-0.00221064
-0.0022723
-0.00233489
-0.00239833
-0.00246241
-0.00252692
-0.00259166
-0.00265646
-0.00272115
-0.00278549
-0.00284922
-0.00291217
-0.00297413
-0.00303487
-0.00309416
-0.00315182
-0.00320768
-0.00326159
-0.00331339
-0.003363
-0.00341035
-0.00345545
-0.00349831
-0.00353889
-0.00357714
-0.0036131
-0.00364679
-0.00367827
-0.00370762
-0.00373496
-0.00376039
-0.00378402
-0.00380595
-0.00382633
-0.00384527
-0.00386291
-0.00387937
-0.00389475
-0.00390918
-0.00392273
-0.00393552
-0.00394762
-0.00395915
-0.00397017
-0.00398076
-0.00399099
-0.00400093
-0.0040106
-0.00402013
-0.00402942
-0.00403873
-0.00404778
-0.00405703
-0.00406591
-0.00407526
-0.00408401
-0.00409361
-0.00410225
-0.00411219
-0.00412083
-0.00413103
-0.00413995
-0.00415009
-0.00415988
-0.00416932
-0.00418071
-0.00418894
-0.00420216
-0.00420962
-0.00422347
-0.00423225
-0.00424412
-0.00425667
-0.00426509
-0.00428041
-0.00428818
-0.00430007
-0.00431062
-0.0043141
-0.00431989
-0.00431761
-0.00430302
-0.00428591
-0.00143237
-0.00146912
-0.00150753
-0.00154738
-0.00158846
-0.00163065
-0.00167394
-0.00171843
-0.00176423
-0.00181144
-0.00186011
-0.0019102
-0.00196164
-0.00201439
-0.00206841
-0.00212364
-0.00218002
-0.00223743
-0.00229576
-0.00235491
-0.00241477
-0.00247524
-0.00253615
-0.00259735
-0.00265868
-0.00271996
-0.00278103
-0.00284169
-0.00290176
-0.00296107
-0.00301943
-0.00307666
-0.00313259
-0.00318707
-0.00323994
-0.00329106
-0.00334027
-0.00338743
-0.00343237
-0.00347499
-0.00351529
-0.00355332
-0.00358914
-0.00362286
-0.00365458
-0.00368438
-0.00371234
-0.00373855
-0.0037631
-0.00378609
-0.0038076
-0.00382774
-0.00384661
-0.00386429
-0.00388088
-0.00389646
-0.00391114
-0.003925
-0.00393812
-0.00395061
-0.00396253
-0.00397397
-0.00398497
-0.00399563
-0.00400595
-0.00401608
-0.0040259
-0.00403569
-0.00404516
-0.0040548
-0.00406401
-0.00407366
-0.00408265
-0.00409248
-0.00410131
-0.00411141
-0.00412018
-0.00413051
-0.00413952
-0.00414974
-0.0041596
-0.0041691
-0.00418054
-0.00418881
-0.00420207
-0.00420955
-0.00422343
-0.00423223
-0.00424412
-0.00425668
-0.00426511
-0.00428045
-0.00428823
-0.00430012
-0.00431067
-0.00431413
-0.00431989
-0.00431758
-0.00430293
-0.0042858
)
;

boundaryField
{
    zeroGradientPlanes
    {
        type            zeroGradient;
    }
    inlet
    {
        type            zeroGradient;
    }
    plate
    {
        type            zeroGradient;
    }
    frontAndBack
    {
        type            empty;
    }
}


// ************************************************************************* //
