/*--------------------------------*- C++ -*----------------------------------*\
  =========                 |
  \\      /  F ield         | OpenFOAM: The Open Source CFD Toolbox
   \\    /   O peration     | Website:  https://openfoam.org
    \\  /    A nd           | Version:  10
     \\/     M anipulation  |
\*---------------------------------------------------------------------------*/
FoamFile
{
    format      ascii;
    class       volScalarField;
    location    "0.8";
    object      p;
}
// * * * * * * * * * * * * * * * * * * * * * * * * * * * * * * * * * * * * * //

dimensions      [0 2 -2 0 0 0 0];

internalField   nonuniform List<scalar> 
4800
(
-1.77695e-10
5.94508e-05
4.64232e-05
9.22314e-06
-4.56301e-05
-0.00010347
-0.00015287
-0.00024581
-0.000367078
-0.000342141
-0.000333513
-0.00033596
-0.000298379
-0.000207756
-5.4101e-05
0.000168896
0.000463972
0.000894795
0.00148226
0.0021125
1.08128e-05
5.50459e-05
4.79987e-05
5.79632e-06
-4.1638e-05
-0.000108078
-0.000147448
-0.000247743
-0.000349161
-0.000342278
-0.000321754
-0.000336257
-0.000294102
-0.000210211
-5.27144e-05
0.000158566
0.000446354
0.000823606
0.00127664
0.00177922
1.27952e-05
5.23303e-05
4.8983e-05
4.75256e-06
-3.97727e-05
-0.000109248
-0.000144849
-0.000247085
-0.000343401
-0.000338952
-0.000319725
-0.000333535
-0.000293433
-0.000209031
-6.04017e-05
0.000141385
0.000387729
0.000698394
0.00107782
0.00152351
2.37493e-05
4.84782e-05
4.99021e-05
2.92483e-06
-3.84041e-05
-0.00010913
-0.000144343
-0.000242737
-0.000339812
-0.000331363
-0.000317354
-0.00032816
-0.000291276
-0.00020807
-7.37901e-05
0.000110058
0.000308688
0.000546909
0.000890245
0.00131035
2.86576e-05
4.52894e-05
4.97694e-05
2.44825e-06
-3.78364e-05
-0.00010715
-0.000145456
-0.000235696
-0.000334491
-0.000325836
-0.000310185
-0.00032237
-0.000290169
-0.000212783
-0.000100688
4.29905e-05
0.000187608
0.00040034
0.000719343
0.00111251
3.74445e-05
4.31748e-05
4.86443e-05
3.88713e-06
-3.95997e-05
-0.000103156
-0.000148353
-0.00022866
-0.000323742
-0.000320265
-0.000302257
-0.000315764
-0.000294093
-0.000228238
-0.000150269
-5.9473e-05
7.11173e-05
0.00026763
0.000559585
0.000920067
4.45069e-05
4.254e-05
4.5905e-05
5.93411e-06
-4.16587e-05
-9.92906e-05
-0.000146859
-0.000227781
-0.000311306
-0.000311547
-0.000296016
-0.000311956
-0.000306053
-0.000266904
-0.000235913
-0.000159001
-3.47231e-05
0.000142618
0.000399879
0.000726261
5.13278e-05
4.4447e-05
4.22752e-05
8.26492e-06
-4.25758e-05
-9.745e-05
-0.000136939
-0.000221755
-0.000302004
-0.000300931
-0.000291131
-0.000316042
-0.000335458
-0.000336157
-0.000319445
-0.000248701
-0.00013497
1.54004e-05
0.000235263
0.000529745
5.71746e-05
4.89114e-05
3.84686e-05
7.65674e-06
-3.95526e-05
-9.71676e-05
-0.000131345
-0.00020707
-0.00029258
-0.000295066
-0.000287899
-0.000335323
-0.000390423
-0.000408474
-0.000394455
-0.000334156
-0.000238817
-0.00011789
6.51173e-05
0.000330799
6.24595e-05
5.49151e-05
3.71609e-05
4.53196e-06
-3.43227e-05
-9.60456e-05
-0.00012938
-0.00019197
-0.000277997
-0.000294687
-0.000298754
-0.000374793
-0.00045738
-0.00047673
-0.000465014
-0.000421313
-0.000348895
-0.000257142
-0.000109598
0.000129652
6.68272e-05
6.09519e-05
3.99501e-05
1.26127e-06
-3.32082e-05
-8.35889e-05
-0.000126142
-0.000182259
-0.000259557
-0.000299642
-0.000335775
-0.000427293
-0.000514186
-0.000540483
-0.000537334
-0.00051371
-0.000466467
-0.000402937
-0.000287366
-7.2045e-05
7.18734e-05
6.546e-05
4.76352e-05
6.50321e-07
-3.68557e-05
-7.25965e-05
-0.000115664
-0.00017851
-0.000253299
-0.000311969
-0.000383294
-0.000485553
-0.000572401
-0.00060448
-0.000614041
-0.000612871
-0.000592274
-0.00055475
-0.000466531
-0.000273209
7.69332e-05
6.87923e-05
5.63136e-05
6.82955e-06
-4.3669e-05
-6.74068e-05
-9.93421e-05
-0.000172617
-0.000264789
-0.000338947
-0.000425548
-0.000539232
-0.000632563
-0.000672814
-0.000696275
-0.000718727
-0.000725075
-0.00071145
-0.000646903
-0.000474178
8.36713e-05
7.15699e-05
6.23573e-05
2.1428e-05
-4.31077e-05
-7.51202e-05
-9.17257e-05
-0.000164366
-0.000284347
-0.000383145
-0.000471018
-0.000587994
-0.000694052
-0.000746453
-0.000784962
-0.00083064
-0.000863452
-0.000872519
-0.000828369
-0.00067382
9.11119e-05
7.55909e-05
6.53779e-05
3.78714e-05
-3.12456e-05
-8.61269e-05
-0.000103169
-0.000166273
-0.000301068
-0.000427924
-0.000525462
-0.0006421
-0.000757415
-0.000825689
-0.000880523
-0.000948441
-0.00100705
-0.00103727
-0.00101061
-0.000871154
9.86565e-05
8.30044e-05
6.66123e-05
4.95024e-05
-9.00099e-06
-8.77456e-05
-0.000134812
-0.000193076
-0.000317707
-0.000458692
-0.00057808
-0.000702656
-0.000826586
-0.000911549
-0.000983592
-0.00107208
-0.00115548
-0.00120602
-0.00119465
-0.00106737
0.000105304
9.41761e-05
7.18019e-05
5.39028e-05
9.60893e-06
-7.78746e-05
-0.00016353
-0.00024956
-0.000359402
-0.000488717
-0.000618512
-0.000759481
-0.000900312
-0.0010036
-0.00109342
-0.00120118
-0.00130784
-0.00137847
-0.00138091
-0.00126328
0.000112669
0.000104806
8.2847e-05
5.42896e-05
1.6036e-05
-6.74168e-05
-0.000182581
-0.000302193
-0.000422063
-0.000536276
-0.000658595
-0.000810078
-0.000972844
-0.00109896
-0.00120847
-0.00133479
-0.00146248
-0.00155313
-0.00156907
-0.00145929
0.000122202
0.000114398
9.56304e-05
5.8062e-05
7.68359e-06
-6.86624e-05
-0.000192304
-0.000343619
-0.000486989
-0.000604677
-0.000715994
-0.000866333
-0.00104467
-0.00119565
-0.00132678
-0.0014716
-0.00161842
-0.00172853
-0.00175813
-0.00165532
0.000133678
0.000124251
0.000105237
6.55218e-05
-2.81546e-06
-9.37667e-05
-0.000213235
-0.000374431
-0.000540496
-0.000676523
-0.000792164
-0.000936551
-0.00112258
-0.00129412
-0.0014478
-0.00161099
-0.00177523
-0.00190326
-0.00194612
-0.00184997
0.000146599
0.000135735
0.00011129
6.78906e-05
-1.26524e-05
-0.000120544
-0.000248993
-0.000409104
-0.000583881
-0.000741754
-0.000872746
-0.00102097
-0.00121118
-0.00139921
-0.00157177
-0.0017523
-0.00193245
-0.00207635
-0.00213176
-0.0020421
0.00015988
0.000148806
0.000115726
6.24741e-05
-2.45355e-05
-0.000148279
-0.000290388
-0.000453537
-0.00063105
-0.000801325
-0.000951995
-0.00111148
-0.00131013
-0.00151237
-0.00170139
-0.00189594
-0.00208973
-0.00224725
-0.00231463
-0.00223126
0.000173584
0.00016137
0.000118971
5.10361e-05
-4.66687e-05
-0.000176993
-0.000330999
-0.000503523
-0.000684819
-0.000863457
-0.00102989
-0.00120407
-0.00141343
-0.00163177
-0.00183682
-0.00204303
-0.00224744
-0.00241579
-0.00249396
-0.00241703
0.000187259
0.000172182
0.00012015
3.69831e-05
-7.52536e-05
-0.000211945
-0.00037236
-0.00055429
-0.000743598
-0.000930194
-0.00110971
-0.00129822
-0.00151915
-0.00175266
-0.00197556
-0.00219334
-0.00240599
-0.00258281
-0.00266964
-0.00259904
0.000199809
0.000180902
0.000117709
2.03479e-05
-0.000106478
-0.000253991
-0.000418891
-0.000605866
-0.000803755
-0.00100157
-0.00119322
-0.00139421
-0.00162768
-0.00187458
-0.00211405
-0.0023448
-0.00256486
-0.00274833
-0.00284147
-0.00277624
0.000210277
0.000186805
0.000111226
4.03088e-07
-0.000139478
-0.000298856
-0.000470602
-0.000661457
-0.000865494
-0.00107502
-0.00128079
-0.00149256
-0.00173757
-0.00199785
-0.00225095
-0.00249536
-0.00272306
-0.00291124
-0.00300882
-0.00294756
0.000217007
0.000188882
0.000101502
-2.32405e-05
-0.000174653
-0.000345055
-0.000525863
-0.000721974
-0.000930679
-0.00114898
-0.00137022
-0.00159403
-0.00184778
-0.00212085
-0.00238653
-0.00264308
-0.0028789
-0.00307053
-0.00317125
-0.00311269
0.000219106
0.000186325
8.81214e-05
-4.98682e-05
-0.000212111
-0.000392707
-0.000582766
-0.000785591
-0.000999926
-0.00122505
-0.00145901
-0.00169687
-0.00195877
-0.0022423
-0.00251984
-0.00278647
-0.00303007
-0.00322505
-0.00332812
-0.0032713
0.000215363
0.000178019
7.05575e-05
-7.89485e-05
-0.000251424
-0.000441322
-0.000640885
-0.000850854
-0.0010712
-0.00130348
-0.00154764
-0.00179844
-0.00206918
-0.00236111
-0.00264916
-0.00292411
-0.00317477
-0.00337363
-0.00347854
-0.00342274
0.00020486
0.000163212
4.82932e-05
-0.00011063
-0.00029235
-0.000490744
-0.000699044
-0.000916999
-0.00114348
-0.00138214
-0.00163574
-0.00189769
-0.00217633
-0.00247566
-0.00277305
-0.0030551
-0.00331161
-0.00351451
-0.00362101
-0.00356576
0.000186638
0.000141286
2.0649e-05
-0.000145358
-0.000334621
-0.000540627
-0.000756629
-0.000982192
-0.0012155
-0.0014596
-0.00172072
-0.00199303
-0.0022788
-0.0025839
-0.00288978
-0.00317795
-0.00343898
-0.00364565
-0.00375377
-0.00369882
0.000159919
0.000111588
-1.292e-05
-0.000183677
-0.000378188
-0.000590128
-0.000813105
-0.00104546
-0.00128491
-0.00153454
-0.00180111
-0.00208115
-0.00237421
-0.00268361
-0.00299605
-0.00329036
-0.00355481
-0.00376497
-0.0038751
-0.00382092
0.00012418
7.3648e-05
-5.28281e-05
-0.000225843
-0.0004234
-0.000639513
-0.000867582
-0.00110569
-0.00134994
-0.00160363
-0.00187528
-0.00215989
-0.00245792
-0.0027714
-0.00308795
-0.00338803
-0.00365531
-0.00386809
-0.00398114
-0.00392894
7.91862e-05
2.73055e-05
-9.93436e-05
-0.000272348
-0.000470692
-0.000689256
-0.000920296
-0.00116212
-0.00141028
-0.0016647
-0.00193896
-0.00222768
-0.00252648
-0.0028417
-0.00316052
-0.00346477
-0.00373498
-0.0039487
-0.00406464
-0.00401598
2.53596e-05
-2.7421e-05
-0.000152707
-0.000323876
-0.000520575
-0.000739423
-0.000972363
-0.00121557
-0.00146643
-0.00171944
-0.00198952
-0.00228065
-0.00257791
-0.00288877
-0.00320674
-0.00351179
-0.00378439
-0.00399849
-0.00411691
-0.0040736
-3.58573e-05
-8.9622e-05
-0.0002131
-0.000381258
-0.000574314
-0.000790604
-0.00102396
-0.00126663
-0.00151802
-0.00177152
-0.00203292
-0.00231881
-0.00261248
-0.00291137
-0.00322014
-0.00351857
-0.00378665
-0.00399646
-0.00411301
-0.00407498
-0.000102361
-0.000157174
-0.000279447
-0.000445012
-0.000634477
-0.000846545
-0.00107643
-0.00131564
-0.00156336
-0.00181764
-0.00207384
-0.00234918
-0.00263761
-0.00292216
-0.00320996
-0.00348766
-0.00373476
-0.00392409
-0.00401988
-0.00396945
-0.000170315
-0.000226751
-0.000348571
-0.000513208
-0.000702234
-0.000913697
-0.00114305
-0.00137875
-0.00161307
-0.00185084
-0.00208976
-0.00233925
-0.00261099
-0.0028851
-0.00315796
-0.0034247
-0.00366644
-0.00385728
-0.00395838
-0.00391806
-0.000234966
-0.000292363
-0.000413725
-0.000576777
-0.00076498
-0.000977648
-0.00121088
-0.00145542
-0.00169723
-0.00193512
-0.00216594
-0.0023842
-0.00259873
-0.00280502
-0.00299475
-0.00316966
-0.003321
-0.00343035
-0.00346867
-0.00340052
-0.000299715
-0.00036326
-0.000489556
-0.000657954
-0.000853413
-0.00107637
-0.00132191
-0.00158058
-0.0018377
-0.00208549
-0.00232143
-0.00253536
-0.00272034
-0.00286465
-0.00294876
-0.0029615
-0.00289879
-0.00276322
-0.00256629
-0.00233191
0.00285292
0.00313911
0.00315472
0.00312055
0.00304005
0.00288525
0.0026569
0.00238074
0.00207348
0.00173806
0.00138187
0.0010259
0.000681569
0.000341174
-5.56467e-06
-0.000370117
-0.000752287
-0.00115664
-0.00160079
-0.00210185
-0.00266229
-0.003287
-0.00398551
-0.00474154
-0.00551276
-0.00623159
-0.00681649
-0.00719191
-0.00731577
-0.00720567
-0.00693252
-0.00659193
-0.00625424
-0.00594749
-0.00569209
-0.00549268
-0.00535617
-0.00527697
-0.00523272
-0.00522392
-0.00524046
-0.00527684
-0.00533125
-0.00539408
-0.00546187
-0.00551515
-0.0055722
-0.00564176
-0.00570938
-0.00578298
-0.00583838
-0.0058987
-0.00597441
-0.00602624
-0.00608714
-0.00615353
-0.00620674
-0.00627907
-0.00633856
-0.00638835
-0.00646515
-0.00652209
-0.00656489
-0.00663694
-0.00670239
-0.00674842
-0.00679644
-0.00683506
-0.00689337
-0.00697604
-0.00700003
-0.0069999
-0.00707168
-0.00714655
-0.00715838
-0.00717502
-0.00722065
-0.00725954
-0.00728851
-0.00731083
-0.00733328
-0.00736669
-0.00739212
-0.00740563
-0.00742795
-0.00745411
-0.00747079
-0.00748575
-0.00750676
-0.00752506
-0.00753959
-0.00755606
-0.0075723
-0.00758743
-0.00760127
-0.00761519
-0.00762815
-0.00763922
-0.00764862
-0.00765523
0.00232678
0.00279108
0.00304737
0.00310194
0.00302328
0.00285442
0.00262129
0.00234796
0.00204498
0.00171232
0.00135694
0.00100119
0.00065753
0.000318101
-2.75566e-05
-0.000390868
-0.000771838
-0.00117459
-0.00161617
-0.00211432
-0.0026707
-0.00328979
-0.0039806
-0.00472518
-0.00548355
-0.00619113
-0.00677114
-0.00715132
-0.00728439
-0.00718301
-0.00691605
-0.00657951
-0.00624375
-0.00593883
-0.00568493
-0.00548649
-0.00535074
-0.00527207
-0.00522815
-0.0052197
-0.00523655
-0.00527313
-0.00532763
-0.00539068
-0.00545882
-0.00551217
-0.00556939
-0.00563918
-0.00570689
-0.00578085
-0.00583626
-0.00589663
-0.00597274
-0.00602456
-0.00608553
-0.00615217
-0.00620538
-0.00627785
-0.00633743
-0.00638727
-0.0064643
-0.00652122
-0.00656392
-0.00663621
-0.00670177
-0.00674777
-0.00679583
-0.00683449
-0.00689283
-0.00697571
-0.00699967
-0.00699937
-0.00707133
-0.00714636
-0.00715809
-0.00717472
-0.00722044
-0.00725936
-0.00728834
-0.00731067
-0.00733312
-0.00736657
-0.00739202
-0.00740552
-0.00742786
-0.00745404
-0.00747073
-0.00748568
-0.00750672
-0.00752502
-0.00753956
-0.00755603
-0.00757227
-0.00758741
-0.00760125
-0.00761518
-0.00762814
-0.00763921
-0.00764862
-0.00765521
0.00204487
0.00258933
0.00298363
0.00312612
0.00305573
0.00286271
0.00260869
0.00232635
0.00202147
0.00168843
0.00133157
0.000973637
0.000628838
0.000289114
-5.67222e-05
-0.000419319
-0.000799166
-0.00120083
-0.00163977
-0.00213342
-0.00268358
-0.00329322
-0.00396973
-0.00469173
-0.00542135
-0.00610115
-0.0066622
-0.00703887
-0.00718669
-0.0071121
-0.00687124
-0.00655281
-0.00622801
-0.00592921
-0.00568055
-0.0054862
-0.00535252
-0.00527452
-0.00523054
-0.00522197
-0.00523843
-0.00527444
-0.0053284
-0.00539057
-0.00545818
-0.00551139
-0.00556847
-0.00563813
-0.0057056
-0.00577936
-0.00583467
-0.00589496
-0.00597096
-0.00602269
-0.00608387
-0.00615054
-0.00620359
-0.00627622
-0.0063358
-0.00638556
-0.00646284
-0.00651987
-0.00656251
-0.00663482
-0.00670037
-0.00674649
-0.00679482
-0.00683344
-0.00689167
-0.00697479
-0.00699888
-0.00699854
-0.00707062
-0.00714573
-0.00715743
-0.00717417
-0.00722
-0.00725892
-0.00728795
-0.00731034
-0.00733281
-0.00736631
-0.00739181
-0.00740531
-0.00742768
-0.00745391
-0.0074706
-0.00748557
-0.00750663
-0.00752495
-0.00753949
-0.00755598
-0.00757223
-0.00758738
-0.00760123
-0.00761516
-0.00762814
-0.00763921
-0.00764869
-0.00765525
0.00181341
0.00237869
0.00284928
0.0030759
0.00304713
0.00285389
0.0025839
0.00228954
0.00198062
0.0016478
0.00129135
0.000933108
0.000588456
0.000249135
-9.62641e-05
-0.000457604
-0.000836039
-0.00123614
-0.00167087
-0.00215781
-0.00269961
-0.00329586
-0.00395228
-0.00464735
-0.0053443
-0.00599286
-0.00653204
-0.00690449
-0.00706833
-0.00702434
-0.00681475
-0.00651914
-0.00620842
-0.00591764
-0.00567452
-0.00548379
-0.00535181
-0.00527439
-0.00523022
-0.00522161
-0.00523777
-0.0052735
-0.00532703
-0.0053878
-0.00545484
-0.00550832
-0.00556541
-0.00563528
-0.0057023
-0.00577568
-0.00583157
-0.00589168
-0.00596716
-0.00601936
-0.00608084
-0.00614734
-0.00620057
-0.00627344
-0.0063329
-0.00638255
-0.00646019
-0.00651773
-0.00656027
-0.00663214
-0.0066977
-0.00674423
-0.00679295
-0.0068316
-0.00688949
-0.00697258
-0.00699721
-0.0069972
-0.00706906
-0.00714399
-0.00715594
-0.00717298
-0.00721887
-0.00725776
-0.0072869
-0.00730942
-0.00733196
-0.00736551
-0.00739108
-0.00740468
-0.00742713
-0.00745339
-0.00747014
-0.00748517
-0.00750628
-0.00752463
-0.00753921
-0.00755575
-0.00757203
-0.00758721
-0.00760109
-0.00761505
-0.00762806
-0.00763916
-0.00764881
-0.00765536
0.00159493
0.0021632
0.00267972
0.00298295
0.00301806
0.00284572
0.00256944
0.0022625
0.00194517
0.00160882
0.00125095
0.000892214
0.000547725
0.000208887
-0.000135793
-0.00049565
-0.0008725
-0.00127061
-0.00170044
-0.00217958
-0.00271175
-0.00329254
-0.00392572
-0.00459152
-0.00525582
-0.0058739
-0.00639214
-0.00676044
-0.00693907
-0.00692494
-0.00674873
-0.00647922
-0.00618547
-0.0059043
-0.0056668
-0.00547938
-0.00534903
-0.00527262
-0.00522867
-0.00522045
-0.00523674
-0.00527238
-0.00532555
-0.00538465
-0.00545108
-0.00550498
-0.00556205
-0.00563222
-0.00569857
-0.00577136
-0.00582809
-0.00588782
-0.00596257
-0.00601527
-0.00607691
-0.00614331
-0.00619672
-0.00626971
-0.00632909
-0.00637838
-0.00645637
-0.00651475
-0.00655703
-0.00662823
-0.00669382
-0.00674071
-0.00679003
-0.00682892
-0.00688603
-0.00696878
-0.00699455
-0.00699526
-0.00706643
-0.00714091
-0.00715344
-0.00717102
-0.00721688
-0.0072557
-0.00728502
-0.00730781
-0.00733045
-0.00736402
-0.00738975
-0.00740354
-0.00742608
-0.00745239
-0.00746927
-0.00748442
-0.00750559
-0.007524
-0.00753866
-0.00755527
-0.00757161
-0.00758684
-0.00760078
-0.00761479
-0.00762787
-0.00763901
-0.00764891
-0.00765549
0.00138059
0.00194857
0.00249994
0.00286692
0.00297075
0.0028366
0.00256539
0.00224669
0.00191645
0.00157187
0.00120964
0.000848829
0.000504201
0.000165938
-0.000177816
-0.000535846
-0.000910239
-0.00130544
-0.00173002
-0.0022001
-0.00272087
-0.00328496
-0.00389383
-0.00453029
-0.00516321
-0.00575221
-0.00625016
-0.006614
-0.00680567
-0.00681949
-0.00667682
-0.00643514
-0.00616069
-0.00589043
-0.00565871
-0.00547464
-0.00534571
-0.00527024
-0.00522674
-0.00521916
-0.00523577
-0.0052712
-0.00532403
-0.00538145
-0.00544712
-0.00550158
-0.00555844
-0.00562873
-0.0056946
-0.00576669
-0.0058241
-0.00588351
-0.0059574
-0.00601051
-0.00607241
-0.00613876
-0.00619224
-0.00626527
-0.00632459
-0.0063735
-0.00645186
-0.00651122
-0.00655323
-0.00662356
-0.00668908
-0.00673639
-0.00678647
-0.00682569
-0.0068817
-0.00696396
-0.00699129
-0.00699288
-0.00706296
-0.00713687
-0.00715025
-0.00716846
-0.00721423
-0.00725292
-0.00728248
-0.00730561
-0.00732839
-0.00736194
-0.00738785
-0.00740193
-0.00742458
-0.00745094
-0.00746798
-0.00748329
-0.00750455
-0.00752304
-0.00753782
-0.00755452
-0.00757094
-0.00758625
-0.00760027
-0.00761435
-0.00762754
-0.00763873
-0.00764893
-0.00765559
0.00116725
0.00173733
0.00231734
0.00273615
0.00290437
0.00281752
0.00256147
0.00223537
0.0018914
0.00153599
0.00116654
0.000801359
0.000456012
0.000118572
-0.000223848
-0.000579351
-0.000949997
-0.00134116
-0.00176017
-0.00221992
-0.00272751
-0.00327443
-0.00385889
-0.0044659
-0.00506824
-0.00562957
-0.00610786
-0.00646661
-0.00666899
-0.0067082
-0.00659855
-0.00638608
-0.00613312
-0.00587534
-0.00564994
-0.00546945
-0.00534177
-0.00526709
-0.00522413
-0.00521733
-0.00523434
-0.00526945
-0.00532217
-0.00537797
-0.00544269
-0.00549784
-0.00555433
-0.0056247
-0.00569039
-0.0057616
-0.00581953
-0.00587868
-0.00595166
-0.00600527
-0.00606749
-0.00613371
-0.00618722
-0.00626028
-0.00631964
-0.00636821
-0.00644688
-0.00650731
-0.00654903
-0.00661833
-0.00668382
-0.00673166
-0.00678255
-0.00682206
-0.00687683
-0.00695859
-0.00698767
-0.00699019
-0.00705899
-0.0071323
-0.00714665
-0.00716553
-0.00721114
-0.00724971
-0.00727955
-0.00730307
-0.00732597
-0.00735948
-0.00738561
-0.00740002
-0.00742279
-0.0074492
-0.00746642
-0.00748191
-0.00750327
-0.00752187
-0.00753678
-0.00755359
-0.0075701
-0.00758551
-0.00759964
-0.0076138
-0.0076271
-0.00763837
-0.00764888
-0.00765568
0.000955254
0.00152993
0.00213424
0.00259499
0.00281911
0.00278348
0.00255114
0.00222425
0.00186874
0.00150151
0.00112283
0.000750878
0.000403505
6.70577e-05
-0.000273391
-0.000625712
-0.000991859
-0.00137785
-0.00179038
-0.00223867
-0.00273156
-0.00326086
-0.00382107
-0.00439865
-0.00497107
-0.00550605
-0.00596514
-0.00631764
-0.00652871
-0.00659084
-0.00651309
-0.0063309
-0.00610131
-0.00585796
-0.00564011
-0.00546357
-0.00533707
-0.00526304
-0.00522047
-0.0052145
-0.0052321
-0.00526699
-0.00531975
-0.00537397
-0.00543765
-0.00549356
-0.00554984
-0.00562031
-0.0056857
-0.00575598
-0.0058145
-0.00587329
-0.00594536
-0.00599962
-0.00606216
-0.00612822
-0.00618173
-0.00625485
-0.00631438
-0.00636255
-0.00644148
-0.00650309
-0.00654447
-0.00661264
-0.00667822
-0.00672663
-0.00677823
-0.00681805
-0.0068716
-0.00695281
-0.00698373
-0.00698722
-0.00705467
-0.00712735
-0.00714275
-0.00716232
-0.00720776
-0.00724622
-0.00727634
-0.00730026
-0.0073233
-0.00735678
-0.00738314
-0.0073979
-0.0074208
-0.00744727
-0.00746469
-0.00748038
-0.00750185
-0.00752057
-0.00753562
-0.00755254
-0.00756915
-0.00758467
-0.00759891
-0.00761316
-0.0076266
-0.00763795
-0.00764878
-0.00765574
0.00074463
0.00132537
0.00195107
0.00244647
0.00271791
0.0027326
0.00253147
0.00221074
0.00184733
0.00146892
0.00108022
0.000699493
0.000347678
1.16787e-05
-0.000326327
-0.000675079
-0.00103629
-0.00141559
-0.00181991
-0.00225584
-0.00273292
-0.00324379
-0.00377996
-0.00432865
-0.00487161
-0.00538129
-0.00582167
-0.00616693
-0.00638511
-0.0064678
-0.0064203
-0.00626897
-0.00606448
-0.00583756
-0.00562875
-0.00545675
-0.00533151
-0.00525813
-0.00521577
-0.00521049
-0.00522906
-0.00526383
-0.00531659
-0.00536938
-0.00543196
-0.00548884
-0.00554512
-0.00561548
-0.00568048
-0.0057499
-0.00580914
-0.0058676
-0.00593858
-0.00599348
-0.00605655
-0.00612245
-0.00617581
-0.00624898
-0.00630877
-0.00635648
-0.00643563
-0.00649858
-0.00653964
-0.00660655
-0.0066722
-0.00672121
-0.00677355
-0.00681375
-0.00686606
-0.00694662
-0.00697946
-0.006984
-0.00705002
-0.00712204
-0.00713857
-0.00715885
-0.00720411
-0.00724245
-0.00727289
-0.00729724
-0.00732044
-0.00735387
-0.00738048
-0.00739562
-0.00741865
-0.00744518
-0.00746281
-0.00747871
-0.0075003
-0.00751915
-0.00753436
-0.0075514
-0.00756811
-0.00758375
-0.00759812
-0.00761246
-0.00762605
-0.0076375
-0.00764862
-0.0076558
0.000534555
0.00112232
0.00176765
0.00229244
0.00260377
0.00266511
0.0024998
0.0021919
0.00182499
0.00143749
0.00103913
0.000648418
0.000289561
-4.72649e-05
-0.000382485
-0.000727178
-0.00108273
-0.00145403
-0.0018485
-0.00227118
-0.00273173
-0.00322299
-0.00373543
-0.00425626
-0.00477024
-0.00525557
-0.00567769
-0.00601516
-0.00623895
-0.00633965
-0.00632049
-0.00619971
-0.00602186
-0.00581343
-0.00561527
-0.0054491
-0.00532532
-0.00525249
-0.0052103
-0.00520541
-0.00522511
-0.00525982
-0.00531263
-0.00536417
-0.00542559
-0.00548373
-0.00554002
-0.00561018
-0.00567505
-0.00574337
-0.00580328
-0.00586177
-0.00593133
-0.00598663
-0.00605055
-0.00611639
-0.00616942
-0.00624261
-0.0063028
-0.00635006
-0.0064293
-0.00649373
-0.00653461
-0.00660003
-0.00666561
-0.00671538
-0.00676862
-0.00680918
-0.00686007
-0.00693996
-0.00697488
-0.00698055
-0.00704503
-0.00711636
-0.0071341
-0.00715511
-0.00720018
-0.00723842
-0.00726919
-0.00729399
-0.00731735
-0.00735075
-0.00737762
-0.00739316
-0.00741635
-0.00744293
-0.00746079
-0.00747692
-0.00749864
-0.00751762
-0.007533
-0.00755016
-0.007567
-0.00758276
-0.00759727
-0.00761171
-0.00762545
-0.00763701
-0.00764842
-0.00765584
0.000325815
0.000921148
0.00158466
0.00213489
0.00248009
0.00258313
0.002455
0.00216573
0.0017996
0.00140563
0.000999095
0.000598414
0.000230818
-0.000108727
-0.000441443
-0.00078149
-0.00113072
-0.00149348
-0.00187688
-0.0022849
-0.00272789
-0.00319867
-0.00368777
-0.0041819
-0.00466751
-0.00512911
-0.00553346
-0.0058627
-0.00609066
-0.00620708
-0.00621429
-0.00612322
-0.005973
-0.00578506
-0.00559925
-0.0054405
-0.00531862
-0.00524603
-0.00520416
-0.00519944
-0.00522003
-0.00525474
-0.00530782
-0.0053584
-0.00541858
-0.00547797
-0.00553443
-0.0056045
-0.00566947
-0.00573642
-0.00579669
-0.00585554
-0.00592372
-0.00597906
-0.00604395
-0.00611012
-0.00616275
-0.0062357
-0.00629639
-0.00634323
-0.00642237
-0.00648846
-0.00652936
-0.00659303
-0.0066584
-0.00670915
-0.00676344
-0.00680426
-0.00685358
-0.00693282
-0.00697003
-0.00697684
-0.00703964
-0.00711029
-0.00712933
-0.0071511
-0.00719595
-0.00723409
-0.00726523
-0.0072905
-0.00731403
-0.00734739
-0.00737455
-0.0073905
-0.00741386
-0.00744051
-0.00745863
-0.00747498
-0.00749685
-0.00751597
-0.00753153
-0.00754884
-0.0075658
-0.00758169
-0.00759635
-0.00761091
-0.00762479
-0.00763648
-0.00764815
-0.00765585
0.000118004
0.000720781
0.00140143
0.00197447
0.00234871
0.00248824
0.00239633
0.00212974
0.00176903
0.00137159
0.000959345
0.000550231
0.000173018
-0.000171475
-0.000502963
-0.000837728
-0.00118013
-0.00153394
-0.00190526
-0.00229702
-0.00272102
-0.00317136
-0.0036373
-0.00410547
-0.00456344
-0.00500181
-0.00538936
-0.00570989
-0.00594095
-0.00607117
-0.00610238
-0.00603983
-0.00591722
-0.00575164
-0.00558001
-0.00542992
-0.00531103
-0.00523879
-0.00519729
-0.00519263
-0.00521388
-0.0052486
-0.00530204
-0.00535201
-0.00541072
-0.00547116
-0.00552826
-0.00559838
-0.00566358
-0.00572927
-0.00578941
-0.00584862
-0.00591595
-0.00597108
-0.00603663
-0.00610351
-0.00615576
-0.00622811
-0.00628938
-0.00633592
-0.00641494
-0.00648283
-0.0065238
-0.00658555
-0.00665065
-0.00670244
-0.00675785
-0.00679899
-0.00684666
-0.00692519
-0.00696485
-0.00697286
-0.00703384
-0.00710379
-0.00712426
-0.00714679
-0.00719139
-0.00722946
-0.00726099
-0.00728675
-0.00731047
-0.0073438
-0.00737126
-0.00738766
-0.0074112
-0.00743792
-0.00745629
-0.0074729
-0.00749492
-0.00751421
-0.00752996
-0.00754741
-0.00756451
-0.00758055
-0.00759535
-0.00761004
-0.00762408
-0.0076359
-0.00764783
-0.00765583
-9.03627e-05
0.00051936
0.00121657
0.001811
0.00221058
0.00238173
0.002324
0.00208284
0.00173216
0.001334
0.000918348
0.000502941
0.000116527
-0.000234672
-0.000566648
-0.000895866
-0.00123064
-0.00157496
-0.00193376
-0.00230819
-0.00271153
-0.0031412
-0.00358411
-0.00402686
-0.00445828
-0.00487433
-0.00524606
-0.00555744
-0.00579038
-0.00593259
-0.00598549
-0.00594983
-0.00585409
-0.00571223
-0.00555679
-0.00541658
-0.00530218
-0.00523114
-0.00518981
-0.00518494
-0.00520687
-0.00524133
-0.00529481
-0.00534447
-0.00540186
-0.00546348
-0.00552155
-0.0055917
-0.0056573
-0.00572198
-0.00578159
-0.00584087
-0.00590759
-0.00596265
-0.00602863
-0.0060962
-0.00614825
-0.00621995
-0.00628189
-0.00632827
-0.00640704
-0.00647665
-0.00651774
-0.00657758
-0.00664242
-0.00669522
-0.00675178
-0.0067934
-0.00683936
-0.006917
-0.00695923
-0.00696859
-0.00702763
-0.00709684
-0.00711885
-0.00714218
-0.0071865
-0.00722451
-0.00725647
-0.00728272
-0.00730664
-0.00733994
-0.00736774
-0.00738461
-0.00740834
-0.00743514
-0.00745379
-0.00747067
-0.00749286
-0.00751232
-0.00752826
-0.00754588
-0.00756312
-0.00757933
-0.00759428
-0.00760911
-0.00762331
-0.00763528
-0.00764745
-0.00765577
-0.000297733
0.000318268
0.00103127
0.00164571
0.0020682
0.00226664
0.00223999
0.0020251
0.00168765
0.00129134
0.000874055
0.000454904
6.12865e-05
-0.000296984
-0.000631046
-0.000955461
-0.00128162
-0.00161572
-0.0019621
-0.00231893
-0.00270005
-0.00310792
-0.00352849
-0.00394683
-0.00435275
-0.00474714
-0.00510358
-0.0054059
-0.00563939
-0.00579186
-0.00586471
-0.00585391
-0.0057836
-0.00566603
-0.00552869
-0.00540006
-0.00529154
-0.00522275
-0.00518188
-0.00517632
-0.00519895
-0.0052331
-0.00528595
-0.00533559
-0.0053923
-0.00545515
-0.00551407
-0.00558411
-0.00565037
-0.00571435
-0.00577342
-0.00583241
-0.00589831
-0.00595371
-0.00602034
-0.0060883
-0.00614008
-0.00621125
-0.006274
-0.0063202
-0.00639834
-0.00646975
-0.00651135
-0.00656922
-0.00663367
-0.0066875
-0.00674522
-0.0067874
-0.00683161
-0.00690825
-0.00695319
-0.00696403
-0.00702102
-0.00708944
-0.00711308
-0.00713724
-0.00718126
-0.00721922
-0.00725162
-0.00727842
-0.00730254
-0.00733582
-0.00736396
-0.00738134
-0.00740526
-0.00743216
-0.0074511
-0.00746827
-0.00749064
-0.00751029
-0.00752644
-0.00754424
-0.00756163
-0.00757802
-0.00759313
-0.00760811
-0.00762247
-0.00763459
-0.00764701
-0.00765566
-0.000502416
0.000118396
0.000845679
0.00147838
0.00192194
0.00214424
0.00214501
0.0019557
0.00163402
0.00124274
0.000825861
0.000405559
7.14775e-06
-0.000357262
-0.00069466
-0.00101588
-0.00133301
-0.00165572
-0.00198963
-0.00232949
-0.00268741
-0.00307215
-0.00347064
-0.00386582
-0.00424705
-0.00461982
-0.00496192
-0.00525581
-0.00548883
-0.00564962
-0.00574053
-0.00575291
-0.00570599
-0.00561262
-0.00549493
-0.00537967
-0.0052784
-0.00521268
-0.00517349
-0.00516715
-0.00518998
-0.00522421
-0.00527577
-0.0053253
-0.00538171
-0.00544554
-0.00550568
-0.00557564
-0.00564249
-0.00570636
-0.00576496
-0.0058235
-0.00588844
-0.00594397
-0.00601153
-0.00608003
-0.00613105
-0.00620159
-0.00626569
-0.00631177
-0.00638888
-0.00646234
-0.00650484
-0.00656033
-0.0066241
-0.00667925
-0.00673826
-0.0067809
-0.00682337
-0.00689902
-0.00694674
-0.0069591
-0.00701393
-0.00708156
-0.00710695
-0.00713193
-0.00717563
-0.00721357
-0.00724646
-0.00727381
-0.00729815
-0.0073314
-0.00735991
-0.00737784
-0.00740198
-0.00742897
-0.00744821
-0.0074657
-0.00748825
-0.00750812
-0.00752448
-0.00754249
-0.00756003
-0.00757662
-0.00759189
-0.00760703
-0.00762156
-0.00763383
-0.0076465
-0.0076555
-0.000704841
-8.08843e-05
0.000658968
0.00130861
0.00177185
0.0020159
0.00204058
0.00187523
0.0015712
0.00118785
0.000773268
0.000353579
-4.76028e-05
-0.000416184
-0.000756646
-0.00107615
-0.00138485
-0.00169497
-0.0020158
-0.00233975
-0.00267446
-0.0030348
-0.0034103
-0.00378357
-0.00414191
-0.00449308
-0.00482188
-0.00510794
-0.00533954
-0.00550676
-0.00561323
-0.00564767
-0.00562214
-0.0055517
-0.00545463
-0.00535424
-0.00526218
-0.00520059
-0.00516438
-0.00515804
-0.00518013
-0.00521442
-0.00526457
-0.00531338
-0.00536926
-0.00543418
-0.00549669
-0.00556677
-0.00563356
-0.00569774
-0.00575598
-0.00581414
-0.00587834
-0.00593306
-0.00600139
-0.00607157
-0.00612165
-0.0061908
-0.00625681
-0.00630322
-0.00637884
-0.00645423
-0.00649782
-0.00655071
-0.00661372
-0.00667061
-0.00673106
-0.00677392
-0.00681446
-0.00688921
-0.00693992
-0.00695378
-0.00700631
-0.0070732
-0.00710044
-0.00712623
-0.0071696
-0.00720757
-0.00724095
-0.00726885
-0.00729343
-0.0073267
-0.0073556
-0.00737409
-0.00739843
-0.00742555
-0.00744511
-0.00746295
-0.0074857
-0.0075058
-0.00752237
-0.0075406
-0.00755831
-0.00757511
-0.00759056
-0.00760586
-0.00762057
-0.007633
-0.00764593
-0.00765527
-0.000905311
-0.000279014
0.000471668
0.00113718
0.00161874
0.00188305
0.00192873
0.00178469
0.00149862
0.00112553
0.000715388
0.000298001
-0.00010394
-0.000474446
-0.000816289
-0.00113481
-0.0014365
-0.00173377
-0.00204001
-0.00234863
-0.00266145
-0.00299643
-0.00334791
-0.00370021
-0.00403835
-0.00436837
-0.00468362
-0.00496243
-0.00519209
-0.00536438
-0.00548351
-0.00553838
-0.00553314
-0.00548355
-0.00540711
-0.00532302
-0.00524256
-0.00518633
-0.00515352
-0.00514865
-0.00516975
-0.00520349
-0.0052524
-0.00529983
-0.005355
-0.00542131
-0.00548693
-0.00555759
-0.0056235
-0.00568776
-0.0057462
-0.00580428
-0.00586816
-0.00592156
-0.00598978
-0.00606265
-0.00611248
-0.00617895
-0.00624662
-0.00629443
-0.00636841
-0.00644521
-0.00649025
-0.00654072
-0.00660273
-0.00666134
-0.0067234
-0.00676646
-0.00680483
-0.00687871
-0.00693276
-0.00694814
-0.00699806
-0.00706426
-0.00709358
-0.00712017
-0.00716311
-0.00720114
-0.00723506
-0.00726358
-0.00728842
-0.00732168
-0.00735096
-0.00737006
-0.00739465
-0.00742192
-0.0074418
-0.00746
-0.00748295
-0.00750331
-0.00752011
-0.00753857
-0.00755647
-0.00757348
-0.00758914
-0.0076046
-0.00761951
-0.00763211
-0.00764527
-0.00765496
-0.00110421
-0.000475407
0.000284308
0.000964139
0.00146258
0.0017456
0.00181056
0.00168521
0.00141629
0.00105538
0.000651903
0.000238758
-0.000162078
-0.000532899
-0.0008742
-0.00119111
-0.00148687
-0.00177184
-0.00206196
-0.0023553
-0.0026485
-0.0029581
-0.00328497
-0.00361655
-0.00393636
-0.00424653
-0.00454717
-0.00481907
-0.00504722
-0.00522361
-0.00535241
-0.00542502
-0.00543962
-0.00540929
-0.00535208
-0.00528532
-0.00521884
-0.0051693
-0.00514014
-0.00513807
-0.00515919
-0.00519195
-0.00523904
-0.00528517
-0.00533968
-0.00540657
-0.00547517
-0.00554737
-0.00561248
-0.00567673
-0.00573579
-0.00579371
-0.00585763
-0.00591006
-0.00597703
-0.00605236
-0.00610312
-0.00616631
-0.00623495
-0.00628529
-0.00635791
-0.00643545
-0.00648211
-0.00653026
-0.00659086
-0.00665114
-0.00671522
-0.00675877
-0.00679469
-0.00686736
-0.00692508
-0.00694225
-0.00698927
-0.0070547
-0.00708634
-0.00711373
-0.00715613
-0.00719431
-0.00722885
-0.00725796
-0.00728301
-0.00731629
-0.00734601
-0.0073658
-0.00739062
-0.00741801
-0.00743823
-0.00745684
-0.00748002
-0.00750064
-0.00751769
-0.00753639
-0.0075545
-0.00757174
-0.00758761
-0.00760324
-0.00761835
-0.00763113
-0.00764453
-0.00765457
-0.00130162
-0.000669564
9.79595e-05
0.000790094
0.00130381
0.00160401
0.00168724
0.00157896
0.00132566
0.00097769
0.00058238
0.00017522
-0.000222431
-0.000592248
-0.000931302
-0.00124492
-0.00153489
-0.00180873
-0.00208253
-0.0023602
-0.0026354
-0.0029204
-0.00322241
-0.00353278
-0.00383519
-0.00412789
-0.00441383
-0.00467847
-0.0049057
-0.00508555
-0.00522104
-0.00530796
-0.00534173
-0.0053299
-0.00529002
-0.00524038
-0.00518994
-0.00514925
-0.0051241
-0.00512541
-0.00514816
-0.00518038
-0.00522464
-0.00526943
-0.00532325
-0.00538936
-0.00546092
-0.00553598
-0.00560108
-0.00566553
-0.00572437
-0.00578146
-0.00584625
-0.0058987
-0.00596379
-0.00604056
-0.00609276
-0.00615338
-0.00622262
-0.00627541
-0.00634681
-0.00642491
-0.00647334
-0.00651921
-0.00657816
-0.00664019
-0.00670655
-0.00675081
-0.00678406
-0.00685509
-0.0069167
-0.00693616
-0.00698006
-0.00704441
-0.00707856
-0.00710693
-0.00714874
-0.00718701
-0.00722219
-0.00725194
-0.00727727
-0.00731059
-0.00734076
-0.00736122
-0.00738629
-0.00741384
-0.00743444
-0.00745347
-0.00747688
-0.00749779
-0.00751511
-0.00753406
-0.0075524
-0.00756987
-0.00758597
-0.00760176
-0.00761709
-0.00763006
-0.0076437
-0.00765408
-0.00149685
-0.000860894
-8.61751e-05
0.000616308
0.00114325
0.00145897
0.00155904
0.0014671
0.00122801
0.000892641
0.000506467
0.000106687
-0.000285049
-0.000652225
-0.00098789
-0.00129689
-0.00158059
-0.00184422
-0.00210226
-0.00236317
-0.00262091
-0.00288306
-0.00316101
-0.00344975
-0.00373558
-0.00401339
-0.00428522
-0.00454164
-0.00476726
-0.00495055
-0.00509057
-0.00518811
-0.00523979
-0.00524559
-0.00522209
-0.00518833
-0.00515465
-0.00512613
-0.00510553
-0.00511009
-0.00513568
-0.00516829
-0.00520994
-0.00525222
-0.00530535
-0.00537085
-0.00544469
-0.00552289
-0.0055885
-0.00565355
-0.00571196
-0.00576745
-0.00583388
-0.00588753
-0.00595063
-0.00602793
-0.00608108
-0.00613966
-0.00620972
-0.00626441
-0.0063345
-0.00641384
-0.00646449
-0.00650773
-0.00656452
-0.00662836
-0.00669725
-0.00674236
-0.00677298
-0.00684209
-0.00690758
-0.00692966
-0.00697043
-0.0070335
-0.00707022
-0.00709972
-0.0071409
-0.00717922
-0.00721509
-0.0072456
-0.0072712
-0.00730449
-0.00733511
-0.00735634
-0.0073817
-0.00740941
-0.00743038
-0.00744984
-0.00747353
-0.00749474
-0.00751236
-0.00753154
-0.00755014
-0.00756786
-0.0075842
-0.00760019
-0.00761573
-0.0076289
-0.00764277
-0.00765347
-0.00168972
-0.00104978
-0.000268189
0.000443363
0.00098169
0.00131106
0.00142634
0.00135015
0.00112484
0.000801372
0.000424874
3.31988e-05
-0.000350524
-0.000713039
-0.00104458
-0.00134787
-0.0016243
-0.00187757
-0.00212055
-0.00236403
-0.00260496
-0.00284676
-0.00310191
-0.00336891
-0.00363819
-0.00390283
-0.00416145
-0.00440936
-0.00463204
-0.00481838
-0.00496254
-0.00506711
-0.00513434
-0.00515645
-0.00514891
-0.00513023
-0.00511188
-0.00509884
-0.00508479
-0.00509168
-0.00512045
-0.00515441
-0.00519536
-0.00523423
-0.00528582
-0.00535213
-0.00542663
-0.00550724
-0.00557413
-0.00563994
-0.00569935
-0.00575289
-0.00581994
-0.00587591
-0.0059372
-0.00601464
-0.0060687
-0.00612429
-0.00619535
-0.00625321
-0.00632182
-0.00640188
-0.00645521
-0.00649582
-0.00654985
-0.00661556
-0.00668733
-0.0067334
-0.00676138
-0.00682852
-0.00689777
-0.00692252
-0.00696028
-0.00702214
-0.00706136
-0.00709192
-0.00713259
-0.00717108
-0.00720758
-0.00723877
-0.0072647
-0.00729801
-0.00732913
-0.00735115
-0.00737678
-0.00740466
-0.00742606
-0.00744597
-0.00746996
-0.00749147
-0.00750941
-0.00752886
-0.00754775
-0.00756572
-0.00758231
-0.0075985
-0.00761425
-0.00762763
-0.00764173
-0.00765274
-0.00187992
-0.00123644
-0.000448235
0.000271647
0.000820173
0.00116134
0.00129027
0.00122857
0.00101682
0.000704863
0.00033828
-4.50467e-05
-0.000420103
-0.000775511
-0.00110155
-0.00139775
-0.00166601
-0.00190874
-0.00213755
-0.00236381
-0.00258814
-0.00281157
-0.00304479
-0.00329081
-0.00354329
-0.0037959
-0.00404303
-0.00428262
-0.00450149
-0.00468893
-0.00483808
-0.00494722
-0.0050256
-0.0050629
-0.0050704
-0.00506713
-0.00506212
-0.00506546
-0.00506221
-0.00507076
-0.00510199
-0.00513805
-0.00518018
-0.00521655
-0.00526466
-0.00533249
-0.00540738
-0.00548902
-0.00555774
-0.00562393
-0.00568604
-0.00573897
-0.00580422
-0.00586255
-0.00592322
-0.00600093
-0.00605674
-0.00610794
-0.00617859
-0.00624178
-0.00630926
-0.00638808
-0.0064448
-0.00648423
-0.00653478
-0.00660148
-0.00667653
-0.00672407
-0.00674928
-0.00681417
-0.00688734
-0.00691488
-0.00694949
-0.00701021
-0.00705211
-0.00708359
-0.0071237
-0.00716248
-0.00719961
-0.00723149
-0.00725782
-0.00729116
-0.00732275
-0.0073456
-0.00737158
-0.00739964
-0.00742147
-0.00744183
-0.00746614
-0.007488
-0.0075063
-0.00752599
-0.00754517
-0.00756342
-0.00758027
-0.00759667
-0.00761264
-0.00762626
-0.00764058
-0.00765189
-0.00206664
-0.00142017
-0.000625754
0.000101748
0.000659462
0.00101094
0.00115167
0.00110282
0.000903976
0.000603709
0.000247354
-0.000127407
-0.000493845
-0.000840095
-0.00115863
-0.00144667
-0.00170621
-0.00193861
-0.00215368
-0.00236308
-0.00257035
-0.00277682
-0.00298994
-0.00321657
-0.00345228
-0.00369289
-0.00393064
-0.00416212
-0.0043768
-0.00456305
-0.00471697
-0.00483
-0.00491428
-0.00496555
-0.00498732
-0.00499942
-0.00500708
-0.00502473
-0.00503638
-0.00504834
-0.00508059
-0.00511864
-0.0051627
-0.00519909
-0.0052425
-0.00531077
-0.00538781
-0.00546933
-0.00553943
-0.00560554
-0.00567045
-0.00572541
-0.00578775
-0.00584689
-0.00590879
-0.00598693
-0.00604478
-0.00609164
-0.0061593
-0.00622827
-0.00629701
-0.00637359
-0.00643308
-0.00647279
-0.00651951
-0.00658593
-0.00666459
-0.0067145
-0.00673667
-0.00679877
-0.00687639
-0.00690711
-0.00693793
-0.00699736
-0.00704253
-0.00707489
-0.00711407
-0.00715331
-0.00719134
-0.00722381
-0.00725046
-0.00728388
-0.00731605
-0.00733976
-0.00736605
-0.00739426
-0.00741658
-0.00743745
-0.00746211
-0.00748431
-0.00750294
-0.00752289
-0.0075424
-0.00756097
-0.00757808
-0.00759472
-0.00761092
-0.00762478
-0.00763931
-0.00765089
-0.00224953
-0.00160028
-0.000800154
-6.56275e-05
0.00050011
0.000860725
0.00101145
0.000974087
0.000787322
0.00049868
0.000152799
-0.000213084
-0.000571055
-0.000907478
-0.00121688
-0.00149575
-0.00174542
-0.00196727
-0.00216865
-0.00236174
-0.00255193
-0.00274251
-0.00293822
-0.00314658
-0.0033659
-0.00359434
-0.00382431
-0.00404825
-0.00425827
-0.00444207
-0.0045984
-0.00471558
-0.00480275
-0.00486557
-0.00490123
-0.00492696
-0.00494747
-0.00497709
-0.00500483
-0.00502454
-0.00505717
-0.00509587
-0.00514172
-0.00518063
-0.00522014
-0.0052871
-0.00536786
-0.00544955
-0.00551946
-0.00558453
-0.00565132
-0.00571067
-0.00577183
-0.00583035
-0.00589352
-0.00597172
-0.00603152
-0.00607622
-0.00613935
-0.00621165
-0.00628422
-0.00635964
-0.00641986
-0.00646024
-0.00650439
-0.00656967
-0.00665129
-0.00670434
-0.00672382
-0.00678243
-0.00686459
-0.00689925
-0.00692586
-0.00698338
-0.00703239
-0.00706607
-0.00710393
-0.00714343
-0.0071826
-0.00721582
-0.00724274
-0.00727617
-0.00730887
-0.00733349
-0.00736015
-0.0073886
-0.00741145
-0.00743277
-0.00745775
-0.00748034
-0.00749939
-0.00751964
-0.00753948
-0.00755837
-0.00757574
-0.00759261
-0.00760905
-0.00762314
-0.00763791
-0.00764975
-0.00242805
-0.00177626
-0.00097103
-0.000229887
0.000342869
0.000711501
0.000871005
0.000843739
0.000668046
0.000390278
5.47733e-05
-0.000301744
-0.000651215
-0.000977941
-0.00127708
-0.00154534
-0.0017837
-0.00199453
-0.00218257
-0.00236024
-0.00253398
-0.00270904
-0.00288954
-0.00308124
-0.00328539
-0.00350186
-0.00372404
-0.0039409
-0.00414608
-0.00432708
-0.00448284
-0.00460402
-0.00469389
-0.00476475
-0.00481274
-0.00485011
-0.00488351
-0.0049241
-0.00496634
-0.00499737
-0.00503253
-0.00507113
-0.00511717
-0.00515994
-0.00519824
-0.00526196
-0.00534602
-0.0054295
-0.00549836
-0.00556154
-0.00562926
-0.00569325
-0.00575564
-0.00581421
-0.00587713
-0.0059543
-0.00601693
-0.00606196
-0.00612021
-0.00619247
-0.00626887
-0.00634553
-0.00640613
-0.00644658
-0.00648918
-0.00655312
-0.0066367
-0.00669338
-0.00671085
-0.00676513
-0.00685147
-0.00689127
-0.00691387
-0.0069684
-0.00702128
-0.00705704
-0.00709346
-0.00713284
-0.00717334
-0.00720752
-0.00723455
-0.00726786
-0.00730127
-0.007327
-0.00735403
-0.00738259
-0.00740591
-0.00742775
-0.00745316
-0.00747622
-0.00749567
-0.00751616
-0.00753633
-0.00755559
-0.00757323
-0.00759036
-0.00760704
-0.00762137
-0.00763636
-0.00764845
-0.00260131
-0.00194765
-0.00113796
-0.000390621
0.000188679
0.000564352
0.000731596
0.000712795
0.000546814
0.000279047
-4.65126e-05
-0.000393256
-0.000733802
-0.00105096
-0.00133913
-0.00159603
-0.0018219
-0.00202086
-0.00219591
-0.00235865
-0.00251685
-0.00267685
-0.00284384
-0.00302145
-0.00321187
-0.00341623
-0.00363
-0.00384026
-0.00404071
-0.0042187
-0.00437155
-0.0044955
-0.00458868
-0.00466448
-0.00472216
-0.00477032
-0.00481642
-0.00486698
-0.00492113
-0.00496456
-0.00500583
-0.00504596
-0.00508977
-0.00513591
-0.00517615
-0.00523472
-0.00532097
-0.00540921
-0.00547796
-0.00553859
-0.00560482
-0.00567169
-0.00573725
-0.0057981
-0.00586091
-0.00593583
-0.00600106
-0.00604735
-0.00610105
-0.00617227
-0.00625134
-0.00633001
-0.00639249
-0.0064327
-0.00647307
-0.00653594
-0.00662145
-0.0066817
-0.00669735
-0.00674684
-0.00683714
-0.00688309
-0.00690211
-0.00695261
-0.00700887
-0.00704754
-0.00708302
-0.00712182
-0.00716322
-0.00719858
-0.00722612
-0.00725936
-0.00729335
-0.00732006
-0.00734741
-0.00737616
-0.00740013
-0.00742254
-0.00744834
-0.00747181
-0.00749164
-0.00751243
-0.00753298
-0.00755265
-0.00757058
-0.00758796
-0.00760489
-0.00761947
-0.00763466
-0.00764696
-0.0027683
-0.00211359
-0.00130024
-0.000547369
3.81996e-05
0.000420238
0.000594179
0.00058236
0.000424585
0.000165959
-0.000150094
-0.000487221
-0.000818297
-0.00112621
-0.00140337
-0.00164858
-0.00186116
-0.00204655
-0.00220869
-0.00235689
-0.00250091
-0.00264694
-0.00280138
-0.00296727
-0.00314579
-0.0033385
-0.0035434
-0.00374725
-0.00394174
-0.00411627
-0.00426564
-0.00439025
-0.00448674
-0.00456587
-0.00463168
-0.00469003
-0.00474775
-0.00480661
-0.00486944
-0.00492506
-0.00497486
-0.0050202
-0.00506213
-0.00510854
-0.00515264
-0.00520628
-0.00529268
-0.00538804
-0.00545829
-0.00551604
-0.00557815
-0.00564617
-0.00571649
-0.00578023
-0.00584498
-0.00591859
-0.00598324
-0.00603077
-0.00608196
-0.00615231
-0.00623325
-0.00631242
-0.00637706
-0.00641889
-0.00645686
-0.00651759
-0.00660527
-0.00666975
-0.00668364
-0.00672755
-0.00682148
-0.00687449
-0.00689043
-0.00693633
-0.00699564
-0.00703742
-0.00707214
-0.00711031
-0.00715257
-0.00718932
-0.00721749
-0.00725041
-0.00728472
-0.0073126
-0.00734058
-0.00736962
-0.00739413
-0.00741694
-0.00744311
-0.00746713
-0.00748743
-0.0075085
-0.00752942
-0.00754952
-0.00756772
-0.00758538
-0.00760259
-0.00761741
-0.00763282
-0.00764532
-0.00292807
-0.00227297
-0.00145703
-0.000699769
-0.00010845
0.000279533
0.000459423
0.000453418
0.000302382
5.17372e-05
-0.000255349
-0.000583459
-0.000905073
-0.00120371
-0.00146999
-0.0017028
-0.0019018
-0.00207225
-0.00222128
-0.00235564
-0.00248627
-0.00261947
-0.00276232
-0.00291876
-0.0030879
-0.0032703
-0.00346522
-0.00366204
-0.00384906
-0.00401932
-0.00416615
-0.00428893
-0.00438817
-0.00447072
-0.00454396
-0.00461109
-0.00467735
-0.00474358
-0.00481236
-0.00487936
-0.00493875
-0.00499127
-0.00503594
-0.00507932
-0.00512653
-0.0051786
-0.00526056
-0.0053631
-0.00543877
-0.00549411
-0.00555183
-0.00561917
-0.00569342
-0.00575856
-0.00582642
-0.00590365
-0.00596582
-0.00601201
-0.00606247
-0.00613127
-0.00621457
-0.00629459
-0.00635919
-0.00640409
-0.00644166
-0.00649835
-0.00658737
-0.00665809
-0.0066706
-0.00670678
-0.00680362
-0.00686558
-0.0068794
-0.00691982
-0.00698147
-0.00702623
-0.00706052
-0.00709884
-0.00714198
-0.00717932
-0.0072079
-0.007241
-0.00727601
-0.007305
-0.00733346
-0.00736267
-0.0073877
-0.007411
-0.00743766
-0.00746229
-0.00748299
-0.00750432
-0.00752563
-0.0075462
-0.00756471
-0.00758261
-0.0076001
-0.00761516
-0.0076308
-0.00764352
-0.00307999
-0.0024249
-0.00160746
-0.000847119
-0.000250912
0.000142539
0.000327805
0.000326641
0.000180968
-6.30261e-05
-0.000362117
-0.000681872
-0.000994612
-0.00128354
-0.00153891
-0.00175862
-0.00194416
-0.00209939
-0.00223399
-0.00235499
-0.00247266
-0.0025948
-0.00272786
-0.00287664
-0.00303846
-0.00321204
-0.00339631
-0.0035847
-0.0037639
-0.00392773
-0.00407214
-0.00419252
-0.00429348
-0.00438041
-0.00445972
-0.00453396
-0.00460593
-0.00467968
-0.00475365
-0.00482813
-0.00489669
-0.0049566
-0.00500946
-0.0050517
-0.00509826
-0.00515165
-0.00522574
-0.00533193
-0.00541864
-0.00547363
-0.00552751
-0.00559189
-0.0056669
-0.00573344
-0.00580342
-0.00588908
-0.00595202
-0.00599196
-0.00604124
-0.00610899
-0.00619413
-0.00627821
-0.00634105
-0.00638595
-0.00642634
-0.00648012
-0.00656783
-0.00664549
-0.00665852
-0.00668524
-0.0067835
-0.00685648
-0.00686913
-0.00690232
-0.00696627
-0.00701517
-0.00704857
-0.00708649
-0.00713088
-0.00716896
-0.00719794
-0.00723146
-0.00726713
-0.00729685
-0.00732568
-0.00735534
-0.00738111
-0.00740486
-0.00743192
-0.0074572
-0.00747837
-0.00749995
-0.00752167
-0.0075427
-0.00756149
-0.00757966
-0.00759745
-0.00761277
-0.00762858
-0.00764148
-0.00322305
-0.00256819
-0.00175022
-0.000988117
-0.00038828
9.72622e-06
0.000199578
0.00020239
6.07295e-05
-0.000177937
-0.000470376
-0.000782394
-0.00108705
-0.00136612
-0.00161028
-0.00181673
-0.00198834
-0.00212862
-0.00224747
-0.00235527
-0.00246109
-0.00257378
-0.00269866
-0.0028407
-0.00299725
-0.00316372
-0.00333773
-0.00351556
-0.00368656
-0.0038423
-0.00398243
-0.0041021
-0.00420394
-0.00429516
-0.0043792
-0.00445937
-0.00453698
-0.00461652
-0.00469495
-0.00477189
-0.00484821
-0.00491689
-0.0049793
-0.00502648
-0.00506996
-0.00512359
-0.00519139
-0.00529501
-0.00539478
-0.00545437
-0.00550474
-0.00556503
-0.00563855
-0.0057081
-0.00577644
-0.00586868
-0.00594162
-0.00597534
-0.00601826
-0.00608517
-0.00617032
-0.00626126
-0.00632598
-0.00636594
-0.00640795
-0.00646264
-0.00654787
-0.00663128
-0.00664767
-0.00666455
-0.00676085
-0.00684549
-0.00685943
-0.00688495
-0.00695068
-0.00700421
-0.00703576
-0.00707266
-0.00711978
-0.00715932
-0.00718765
-0.00722089
-0.00725759
-0.00728843
-0.00731769
-0.00734784
-0.00737429
-0.00739837
-0.00742587
-0.00745192
-0.00747354
-0.00749533
-0.00751746
-0.00753902
-0.00755814
-0.00757657
-0.00759465
-0.0076102
-0.0076262
-0.00763923
-0.00335585
-0.00270132
-0.00188366
-0.00112121
-0.000519505
-0.000118322
7.49185e-05
8.07433e-05
-5.83574e-05
-0.000293219
-0.000580439
-0.000885478
-0.00118247
-0.00145205
-0.00168459
-0.00187754
-0.00203424
-0.00215988
-0.00226302
-0.00235716
-0.00245206
-0.00255653
-0.00267535
-0.002812
-0.00296444
-0.00312499
-0.0032899
-0.00345591
-0.00361701
-0.00376429
-0.00389763
-0.00401723
-0.00412036
-0.00421462
-0.00430351
-0.00438881
-0.00447211
-0.0045545
-0.00463601
-0.00471435
-0.00479519
-0.004873
-0.00494362
-0.0050003
-0.00504418
-0.00509476
-0.00515954
-0.00525545
-0.0053627
-0.00543445
-0.00548427
-0.00553981
-0.00561083
-0.00568302
-0.00574678
-0.00583924
-0.00593069
-0.00596662
-0.00599586
-0.0060587
-0.00614333
-0.00624113
-0.00631475
-0.00634841
-0.00638473
-0.00644275
-0.00652935
-0.00661742
-0.00663724
-0.00664384
-0.00673564
-0.00683302
-0.00685134
-0.00686802
-0.00693323
-0.00699269
-0.00702358
-0.00705834
-0.00710784
-0.0071496
-0.00717712
-0.00720968
-0.00724777
-0.00728005
-0.00730952
-0.00733999
-0.00736714
-0.00739157
-0.00741952
-0.00744636
-0.00746844
-0.00749045
-0.00751308
-0.0075352
-0.00755463
-0.00757328
-0.00759167
-0.00760748
-0.00762366
-0.00763685
-0.0034777
-0.00282342
-0.00200683
-0.0012454
-0.000643956
-0.000241384
-4.62377e-05
-3.85142e-05
-0.000176443
-0.000409273
-0.000692579
-0.000991482
-0.00128079
-0.0015413
-0.00176196
-0.00194085
-0.00208172
-0.00219249
-0.00228098
-0.00236169
-0.00244683
-0.0025447
-0.00265933
-0.00279151
-0.00293997
-0.0030958
-0.0032527
-0.00340648
-0.00355506
-0.00369367
-0.00381961
-0.00393739
-0.00404312
-0.00414003
-0.00423348
-0.00432284
-0.00441052
-0.00449508
-0.00457797
-0.00465862
-0.00474087
-0.0048248
-0.00490311
-0.00496982
-0.00502045
-0.00506803
-0.005129
-0.00521614
-0.00532327
-0.00541062
-0.00546596
-0.00551632
-0.00558389
-0.00565795
-0.00571804
-0.00580365
-0.00591212
-0.00596318
-0.00597929
-0.0060311
-0.00611413
-0.00621579
-0.00630306
-0.00633752
-0.00636108
-0.00641729
-0.00651045
-0.0066054
-0.00662706
-0.00662285
-0.00670972
-0.0068199
-0.00684328
-0.00685056
-0.00691484
-0.00698162
-0.00701243
-0.00704313
-0.00709411
-0.00713975
-0.00716752
-0.00719854
-0.00723731
-0.00727119
-0.00730114
-0.007332
-0.00735978
-0.00738446
-0.00741288
-0.00744061
-0.00746321
-0.00748541
-0.00750847
-0.00753111
-0.00755086
-0.00756981
-0.00758853
-0.0076046
-0.00762099
-0.00763442
-0.0035872
-0.00293437
-0.00212024
-0.00136132
-0.000762205
-0.000360429
-0.000165048
-0.000156783
-0.000294711
-0.000527347
-0.000808074
-0.00110169
-0.00138283
-0.00163392
-0.00184208
-0.00200571
-0.00212973
-0.00222488
-0.00230061
-0.00236977
-0.0024465
-0.00253913
-0.00265147
-0.00278096
-0.00292527
-0.00307624
-0.00322514
-0.00336741
-0.00350233
-0.00363114
-0.00375065
-0.00386445
-0.00397229
-0.00407249
-0.00416927
-0.00426198
-0.00435209
-0.00443908
-0.00452305
-0.00460552
-0.00468798
-0.00477339
-0.00485902
-0.00493529
-0.00499542
-0.00504464
-0.0051002
-0.00517956
-0.00528217
-0.00537948
-0.00544601
-0.0054957
-0.00555859
-0.00563296
-0.00569218
-0.00576682
-0.00588134
-0.00595722
-0.00597271
-0.00600659
-0.00608217
-0.00618503
-0.00628662
-0.00633182
-0.00634315
-0.0063869
-0.00648505
-0.00659433
-0.00662145
-0.00660324
-0.00668092
-0.00680422
-0.00683572
-0.00683448
-0.00689633
-0.0069696
-0.00700121
-0.00702812
-0.00707969
-0.00712946
-0.00715835
-0.00718744
-0.00722613
-0.00726182
-0.00729277
-0.00732403
-0.00735221
-0.0073771
-0.00740609
-0.00743475
-0.00745776
-0.00748009
-0.00750359
-0.0075268
-0.0075469
-0.00756608
-0.00758508
-0.00760139
-0.00761789
-0.00763128
-0.00367914
-0.00303176
-0.00222355
-0.0014702
-0.000876303
-0.000478887
-0.00028593
-0.000279114
-0.000417772
-0.000651232
-0.000930151
-0.00121851
-0.00149021
-0.00172933
-0.00192326
-0.00207008
-0.00217666
-0.00225581
-0.00232055
-0.00238113
-0.00245186
-0.0025412
-0.00265267
-0.0027809
-0.00292025
-0.0030648
-0.00320512
-0.00333714
-0.00345936
-0.00357718
-0.00369089
-0.00380078
-0.00390897
-0.00401203
-0.00411132
-0.0042065
-0.0042982
-0.0043875
-0.00447265
-0.00455502
-0.00463749
-0.00472274
-0.00481293
-0.00489785
-0.00496729
-0.00502308
-0.00507587
-0.00514684
-0.00524316
-0.00534268
-0.0054221
-0.00547941
-0.00553583
-0.0056083
-0.00567138
-0.00573429
-0.00584265
-0.0059428
-0.00597318
-0.00599138
-0.00605064
-0.00615086
-0.00626425
-0.00632661
-0.00633498
-0.00635838
-0.0064512
-0.00658116
-0.00662229
-0.00658636
-0.00664821
-0.006787
-0.00683071
-0.00681933
-0.00687612
-0.00695674
-0.0069912
-0.00701447
-0.00706481
-0.00711787
-0.00714932
-0.00717742
-0.00721508
-0.00725191
-0.00728436
-0.0073164
-0.00734483
-0.00736981
-0.00739942
-0.00742899
-0.00745249
-0.00747504
-0.007499
-0.00752272
-0.00754316
-0.00756261
-0.00758188
-0.00759842
-0.00761517
-0.00762893
-0.00374503
-0.00310853
-0.00231215
-0.00157097
-0.00098893
-0.000602983
-0.000418356
-0.000416659
-0.00055714
-0.00079071
-0.00106675
-0.0013475
-0.00160658
-0.00182902
-0.0020052
-0.00213282
-0.00222129
-0.00228457
-0.00233983
-0.00239628
-0.00246526
-0.00255386
-0.00266425
-0.00279102
-0.00292418
-0.00305978
-0.00318987
-0.00331242
-0.00342478
-0.00353222
-0.00364001
-0.00374655
-0.00385326
-0.0039571
-0.00405843
-0.00415524
-0.00424787
-0.00433831
-0.00442479
-0.0045074
-0.00458962
-0.00467485
-0.00476501
-0.00485577
-0.00493464
-0.00499865
-0.00505427
-0.00511723
-0.00520564
-0.00530395
-0.00539099
-0.00546046
-0.00551527
-0.00558382
-0.00565237
-0.00570658
-0.00580113
-0.00591567
-0.0059705
-0.00598615
-0.00602447
-0.0061143
-0.00623535
-0.00631496
-0.00633246
-0.00634058
-0.0064119
-0.006555
-0.00662545
-0.00657906
-0.00661485
-0.00676385
-0.00682521
-0.00680604
-0.00685553
-0.00694289
-0.00698109
-0.00700106
-0.00704944
-0.00710481
-0.00713957
-0.00716798
-0.00720384
-0.0072406
-0.007275
-0.00730849
-0.00733693
-0.00736166
-0.00739183
-0.0074224
-0.00744646
-0.00746924
-0.00749351
-0.00751774
-0.0075386
-0.00755837
-0.0075779
-0.0075947
-0.00761154
-0.00762515
-0.00375973
-0.00314466
-0.00237296
-0.00165619
-0.00109711
-0.000733533
-0.000568382
-0.000580738
-0.000728446
-0.000962469
-0.00123331
-0.00150133
-0.00174113
-0.00193865
-0.00208998
-0.00219492
-0.00226495
-0.00231468
-0.00236301
-0.00242016
-0.0024919
-0.00258245
-0.00269076
-0.00281375
-0.0029393
-0.00306374
-0.00318231
-0.00329499
-0.00340028
-0.00349992
-0.00360178
-0.00370495
-0.00380978
-0.00391232
-0.00401367
-0.00411128
-0.00420397
-0.00429514
-0.00438292
-0.00446733
-0.00454939
-0.0046339
-0.00472236
-0.00481412
-0.0049009
-0.00497235
-0.00503443
-0.00509523
-0.00517384
-0.00526884
-0.0053574
-0.00543684
-0.00549861
-0.00556176
-0.00563426
-0.00568731
-0.00576455
-0.00588088
-0.00595873
-0.00598763
-0.00601293
-0.00608052
-0.00620064
-0.0062971
-0.00633231
-0.00633894
-0.00637861
-0.00651473
-0.00662717
-0.00658803
-0.00658621
-0.00673229
-0.00682047
-0.00680056
-0.00683646
-0.00692705
-0.00697232
-0.00699089
-0.00703614
-0.00709192
-0.00712981
-0.00716042
-0.00719512
-0.00723035
-0.00726607
-0.0073017
-0.00733057
-0.00735487
-0.00738529
-0.00741673
-0.00744153
-0.00746457
-0.00748898
-0.00751356
-0.00753488
-0.00755489
-0.00757459
-0.00759156
-0.00760866
-0.00762256
-0.00366228
-0.00307927
-0.00235271
-0.00168178
-0.00116701
-0.000846197
-0.000719726
-0.000759941
-0.000922928
-0.00115901
-0.00142209
-0.00167267
-0.00188714
-0.0020534
-0.0021734
-0.00225298
-0.00230538
-0.00234611
-0.0023914
-0.00245268
-0.00253027
-0.00262452
-0.00273015
-0.00284579
-0.00296193
-0.00307404
-0.00318102
-0.00328329
-0.0033834
-0.00347866
-0.00357596
-0.00367562
-0.00377763
-0.0038781
-0.00397675
-0.00407446
-0.00416672
-0.0042583
-0.00434719
-0.00443334
-0.00451634
-0.00459889
-0.00468642
-0.00477597
-0.00486666
-0.0049454
-0.00501395
-0.00507883
-0.00514852
-0.00523797
-0.00532573
-0.00540799
-0.00548154
-0.00554252
-0.0056156
-0.00567523
-0.00573509
-0.00584026
-0.00593373
-0.00598428
-0.00601353
-0.00605531
-0.00615959
-0.00626863
-0.00632302
-0.00634497
-0.00636108
-0.00645995
-0.00660452
-0.0066068
-0.00657168
-0.00668906
-0.00680574
-0.00680152
-0.00681953
-0.0069055
-0.00696204
-0.00698276
-0.00702264
-0.00707712
-0.00711803
-0.0071515
-0.00718638
-0.00721985
-0.00725513
-0.00729278
-0.00732351
-0.0073477
-0.00737745
-0.00740953
-0.0074357
-0.00745926
-0.00748359
-0.00750851
-0.00753047
-0.00755085
-0.00757067
-0.00758784
-0.00760514
-0.00761925
-0.00362675
-0.00306636
-0.00237221
-0.00173885
-0.00126289
-0.000979461
-0.000887598
-0.000954366
-0.00113142
-0.00136611
-0.00161441
-0.00184025
-0.00202272
-0.00215404
-0.0022413
-0.00229824
-0.002339
-0.00237873
-0.00242766
-0.00249507
-0.00257814
-0.00267373
-0.00277502
-0.00287985
-0.00298487
-0.00308529
-0.00318252
-0.003276
-0.00337087
-0.00346415
-0.00355841
-0.00365514
-0.00375343
-0.00385213
-0.00394758
-0.00404394
-0.00413614
-0.00422695
-0.00431693
-0.00440397
-0.00448953
-0.00457122
-0.00465699
-0.00474356
-0.0048332
-0.00491892
-0.0049934
-0.00506499
-0.00513245
-0.00521336
-0.00529955
-0.00537989
-0.00546177
-0.00552848
-0.00559915
-0.00566886
-0.00572038
-0.00580529
-0.00590397
-0.00597415
-0.0060227
-0.00605248
-0.00612438
-0.0062339
-0.00630924
-0.00635437
-0.00636928
-0.00641818
-0.00655915
-0.00662849
-0.00658781
-0.00664621
-0.0067757
-0.00681073
-0.00681492
-0.00688082
-0.00694944
-0.00697988
-0.00701293
-0.00706343
-0.00710793
-0.00714358
-0.00717899
-0.00721275
-0.00724628
-0.00728351
-0.00731738
-0.00734281
-0.00737042
-0.00740213
-0.00743025
-0.00745452
-0.00747817
-0.00750317
-0.00752587
-0.00754656
-0.00756638
-0.00758367
-0.00760105
-0.00761493
-0.00316127
-0.00274779
-0.0022546
-0.00181617
-0.00150381
-0.00134226
-0.00132333
-0.00141217
-0.00156476
-0.00173856
-0.00190363
-0.00204247
-0.00214838
-0.0022239
-0.00227754
-0.00232236
-0.00236761
-0.00242046
-0.00248225
-0.00255554
-0.00263882
-0.00272863
-0.00282062
-0.00291191
-0.00300399
-0.00309423
-0.0031836
-0.00327165
-0.00336181
-0.00345396
-0.00354589
-0.00363973
-0.00373431
-0.00383056
-0.00392406
-0.0040169
-0.0041086
-0.00419775
-0.00428825
-0.00437645
-0.00446411
-0.00454767
-0.00463088
-0.00471609
-0.00480233
-0.00489057
-0.0049712
-0.00504777
-0.00511988
-0.00519348
-0.00527604
-0.00535518
-0.00543664
-0.00551344
-0.00558297
-0.00565698
-0.00571315
-0.00577764
-0.0058713
-0.00595492
-0.00602078
-0.00605909
-0.00610128
-0.00619496
-0.00628938
-0.00635204
-0.00638248
-0.00640004
-0.00650043
-0.00662371
-0.00662284
-0.0066201
-0.00673052
-0.00681575
-0.00682281
-0.00685763
-0.0069314
-0.00697937
-0.00700744
-0.00705026
-0.0070985
-0.00713702
-0.00717244
-0.0072082
-0.00724023
-0.0072745
-0.00731177
-0.00734093
-0.007366
-0.00739577
-0.00742654
-0.00745237
-0.00747497
-0.00749972
-0.00752335
-0.00754442
-0.00756409
-0.0075815
-0.0075993
-0.00761364
-0.00209802
-0.0019041
-0.00178299
-0.00174575
-0.00178158
-0.00186673
-0.00197436
-0.00207981
-0.0021651
-0.00222343
-0.0022578
-0.0022777
-0.00229283
-0.00231181
-0.00234015
-0.00238278
-0.00243985
-0.00250813
-0.00258229
-0.00265929
-0.00273854
-0.00281836
-0.00289762
-0.00297532
-0.00305416
-0.00313473
-0.0032168
-0.00330016
-0.00338525
-0.00347314
-0.00356124
-0.0036505
-0.00374087
-0.00383285
-0.00392359
-0.00401224
-0.00410113
-0.00418822
-0.00427671
-0.0043645
-0.00445196
-0.00453696
-0.00461915
-0.00470296
-0.00478692
-0.00487397
-0.00495834
-0.00503682
-0.00511158
-0.00518341
-0.00526138
-0.00534041
-0.00541889
-0.00549936
-0.00557275
-0.00564585
-0.00570658
-0.00576201
-0.00584528
-0.0059358
-0.00601163
-0.00606073
-0.00609195
-0.00616377
-0.00626644
-0.00634333
-0.0063838
-0.0063951
-0.00645899
-0.00659365
-0.00664267
-0.00661615
-0.00668874
-0.00680467
-0.00683115
-0.0068424
-0.00690981
-0.00697346
-0.00700251
-0.00703676
-0.00708551
-0.00712741
-0.00716197
-0.00719891
-0.00723211
-0.00726312
-0.00730056
-0.00733436
-0.00735931
-0.00738608
-0.007418
-0.0074463
-0.00746853
-0.00749257
-0.00751699
-0.00753877
-0.0075584
-0.00757576
-0.00759352
-0.00760755
)
;

boundaryField
{
    zeroGradientPlanes
    {
        type            zeroGradient;
    }
    inlet
    {
        type            zeroGradient;
    }
    plate
    {
        type            zeroGradient;
    }
    frontAndBack
    {
        type            empty;
    }
}


// ************************************************************************* //
