/*--------------------------------*- C++ -*----------------------------------*\
  =========                 |
  \\      /  F ield         | OpenFOAM: The Open Source CFD Toolbox
   \\    /   O peration     | Website:  https://openfoam.org
    \\  /    A nd           | Version:  10
     \\/     M anipulation  |
\*---------------------------------------------------------------------------*/
FoamFile
{
    format      ascii;
    class       volScalarField;
    location    "0.6";
    object      p;
}
// * * * * * * * * * * * * * * * * * * * * * * * * * * * * * * * * * * * * * //

dimensions      [0 2 -2 0 0 0 0];

internalField   nonuniform List<scalar> 
4800
(
-1.2595e-11
4.57684e-05
5.94596e-05
0.000102407
0.000130226
0.000188455
0.000200062
0.000174762
0.000158913
0.000127348
5.93816e-05
8.47852e-05
0.000111929
0.000165694
0.00027578
0.000465601
0.000716476
0.00114323
0.00177827
0.00244705
1.06437e-05
4.0714e-05
6.218e-05
9.93806e-05
0.00013938
0.000183825
0.000205992
0.000170946
0.000167499
0.000127122
8.04819e-05
8.55418e-05
0.000116402
0.000165673
0.000275579
0.000456256
0.000703348
0.00106915
0.00156468
0.00210636
1.19609e-05
3.82292e-05
6.29148e-05
9.88232e-05
0.000140276
0.000182725
0.000208408
0.000170451
0.0001721
0.000130977
8.37988e-05
8.99619e-05
0.000118722
0.000166954
0.00027053
0.000437306
0.000635493
0.000934606
0.00137058
0.00184583
2.26042e-05
3.37083e-05
6.46673e-05
9.77764e-05
0.000146032
0.00018289
0.00020888
0.000173605
0.000172154
0.000141338
8.84539e-05
9.85047e-05
0.000121386
0.00016684
0.00025961
0.000400442
0.000557488
0.000799995
0.00118737
0.00161847
2.625e-05
3.02306e-05
6.50084e-05
9.82e-05
0.000147089
0.000184709
0.000207582
0.000179849
0.000170567
0.000149898
9.88451e-05
0.000105137
0.000123925
0.000163207
0.00023305
0.000334638
0.000453661
0.00066572
0.00100898
0.00140094
3.4301e-05
2.7807e-05
6.4238e-05
0.000100308
0.000147523
0.00018945
0.00020471
0.000188131
0.000175072
0.000153759
0.000114809
0.000112416
0.000121246
0.000148068
0.000183777
0.000242286
0.000350457
0.000535363
0.000834547
0.00118988
3.96789e-05
2.66811e-05
6.16856e-05
0.000103338
0.000146325
0.000194469
0.000204961
0.00019054
0.00018741
0.000159757
0.000125218
0.000119535
0.000111463
0.000113701
0.000113645
0.000152598
0.000247772
0.000404528
0.000658816
0.000979464
4.48346e-05
2.81482e-05
5.80802e-05
0.000107301
0.00014597
0.000197213
0.000211119
0.000190717
0.000196399
0.000174602
0.00013115
0.000120026
9.10239e-05
5.66055e-05
3.93707e-05
6.36787e-05
0.000140881
0.000269802
0.000481388
0.000768952
4.86697e-05
3.23175e-05
5.36593e-05
0.000109426
0.000148676
0.000196393
0.000220998
0.000197026
0.000200407
0.000190123
0.000137587
0.000105817
5.32525e-05
-5.49911e-06
-3.46965e-05
-2.7429e-05
2.78414e-05
0.000129847
0.000302551
0.000558718
5.06679e-05
3.9003e-05
5.0714e-05
0.000107548
0.000154814
0.000195703
0.000227251
0.000211533
0.000205816
0.000196468
0.000143538
8.01445e-05
-3.0708e-06
-7.20419e-05
-0.000109424
-0.000120971
-9.02433e-05
-1.50324e-05
0.000122289
0.000349334
5.19161e-05
4.66039e-05
5.18186e-05
0.00010196
0.000160946
0.000199722
0.00022863
0.000226935
0.00021814
0.000192348
0.000131952
4.87123e-05
-5.94701e-05
-0.000143455
-0.000189331
-0.000218055
-0.000213356
-0.000166061
-6.04998e-05
0.000140761
5.21785e-05
5.30298e-05
5.82548e-05
9.55279e-05
0.000161724
0.000209346
0.000231835
0.000235788
0.000234656
0.000187819
9.80866e-05
9.43926e-06
-0.000109679
-0.000215338
-0.000275621
-0.000320734
-0.000342052
-0.00032319
-0.000245221
-6.59407e-05
5.23266e-05
5.74706e-05
6.94599e-05
9.36882e-05
0.000155235
0.000219402
0.000241719
0.000236917
0.00023897
0.000184623
6.09212e-05
-4.77218e-05
-0.000166567
-0.000286814
-0.000366461
-0.000428573
-0.000475043
-0.000484124
-0.000431164
-0.000270768
5.32549e-05
5.97095e-05
7.99715e-05
9.98715e-05
0.000146167
0.000220899
0.000258215
0.000240295
0.000227029
0.000173844
2.92341e-05
-0.000107263
-0.000233147
-0.000362312
-0.000461271
-0.000542213
-0.000612389
-0.000647948
-0.000618754
-0.000475367
5.53841e-05
5.95371e-05
8.69721e-05
0.00011529
0.00014352
0.000211316
0.000267691
0.000248712
0.00020697
0.000142632
-1.31831e-06
-0.000161766
-0.000304366
-0.000442889
-0.000561131
-0.000663219
-0.000754646
-0.000813537
-0.000806399
-0.000679691
5.82358e-05
6.01883e-05
8.92893e-05
0.000132753
0.000152469
0.000194798
0.00025944
0.000259907
0.000191406
9.91272e-05
-4.45728e-05
-0.000214089
-0.000374927
-0.000526934
-0.000664883
-0.000789695
-0.000900761
-0.00097971
-0.000992782
-0.000882436
6.04528e-05
6.35279e-05
8.83016e-05
0.000143743
0.000174691
0.000186726
0.000229421
0.000249038
0.00018565
6.18312e-05
-9.95796e-05
-0.000273732
-0.000447999
-0.000615335
-0.000772292
-0.000920376
-0.00105085
-0.00114718
-0.00117803
-0.00108213
6.18989e-05
6.92084e-05
8.9279e-05
0.000145984
0.000196523
0.000193939
0.000194029
0.000206661
0.000164436
3.86613e-05
-0.000147664
-0.000340745
-0.000526835
-0.000708203
-0.000883603
-0.00105508
-0.00120441
-0.00131621
-0.00136167
-0.0012777
6.27251e-05
7.50857e-05
9.42659e-05
0.00014168
0.000206039
0.000213984
0.000172221
0.000143322
0.000112594
8.85745e-06
-0.000182405
-0.000399948
-0.000608734
-0.000805195
-0.000997849
-0.00119273
-0.00136168
-0.00148732
-0.00154421
-0.00146932
6.3933e-05
7.86076e-05
0.000102989
0.000138474
0.000200436
0.000225002
0.000168444
8.92847e-05
3.14927e-05
-4.92103e-05
-0.000219874
-0.000447223
-0.000683339
-0.000903936
-0.0011132
-0.00133019
-0.0015218
-0.00166086
-0.001727
-0.00165827
6.59654e-05
8.04449e-05
0.00011004
0.000138413
0.000184233
0.000217535
0.000168913
5.80318e-05
-4.5854e-05
-0.000137873
-0.000282496
-0.000495979
-0.000747552
-0.000996082
-0.00122598
-0.00146408
-0.00168036
-0.00183438
-0.00190968
-0.00184623
6.88584e-05
8.14262e-05
0.000112052
0.000141059
0.000167393
0.000188713
0.000152958
3.83439e-05
-0.000104429
-0.000229418
-0.000372466
-0.000565841
-0.000811997
-0.00107942
-0.00133321
-0.00159061
-0.00183101
-0.00200326
-0.00208904
-0.00203269
7.17952e-05
8.21634e-05
0.00010919
0.00013824
0.000152933
0.00015322
0.000116544
1.1548e-05
-0.000144268
-0.000306004
-0.000470736
-0.000658795
-0.000892775
-0.00116251
-0.00143242
-0.00170758
-0.00196978
-0.00216307
-0.00226129
-0.00221304
7.3321e-05
8.27073e-05
0.000103501
0.000127494
0.000135491
0.000117666
6.67119e-05
-3.06772e-05
-0.000184178
-0.000366023
-0.00055897
-0.000761757
-0.000991108
-0.001257
-0.00153074
-0.00181388
-0.00209525
-0.00230993
-0.00242128
-0.00238161
7.36022e-05
8.14585e-05
9.5202e-05
0.000108745
0.00011026
8.15455e-05
1.47043e-05
-8.82735e-05
-0.000234883
-0.000419732
-0.000633435
-0.00085826
-0.00109781
-0.0013627
-0.00163815
-0.00191795
-0.00220598
-0.00243996
-0.00256543
-0.00253567
7.14038e-05
7.72985e-05
8.39091e-05
8.53115e-05
7.63182e-05
4.05083e-05
-3.82063e-05
-0.000151797
-0.000297966
-0.00047971
-0.000698491
-0.00094288
-0.00119929
-0.00147192
-0.00175196
-0.00202845
-0.00230879
-0.00255189
-0.00269048
-0.00267263
6.62904e-05
6.90255e-05
6.82413e-05
5.76355e-05
3.49077e-05
-8.13592e-06
-9.302e-05
-0.000216029
-0.000369234
-0.000549099
-0.000765435
-0.00101584
-0.00128974
-0.00157434
-0.00186322
-0.00214284
-0.00241338
-0.00265264
-0.00279763
-0.00278784
5.73362e-05
5.58671e-05
4.76735e-05
2.54133e-05
-1.17114e-05
-6.4536e-05
-0.000152848
-0.000281295
-0.000441894
-0.000625354
-0.000838908
-0.00108576
-0.00136701
-0.00166505
-0.00196242
-0.00225079
-0.00251813
-0.00274775
-0.0028914
-0.00288378
4.35871e-05
3.72069e-05
2.08403e-05
-1.15786e-05
-6.24747e-05
-0.000127299
-0.000219886
-0.000348725
-0.000513619
-0.000702983
-0.000916991
-0.00115892
-0.00143534
-0.00174027
-0.00204753
-0.00234205
-0.00261228
-0.00283589
-0.00297539
-0.00296729
2.41408e-05
1.23268e-05
-1.2872e-05
-5.42837e-05
-0.000116985
-0.000194115
-0.000293062
-0.000421707
-0.000586072
-0.000777787
-0.000994232
-0.00123447
-0.00150192
-0.0018006
-0.00211418
-0.00241475
-0.00268681
-0.00290899
-0.00304516
-0.00303733
-2.07762e-06
-1.9042e-05
-5.30721e-05
-0.000103334
-0.000175968
-0.000264103
-0.000370712
-0.000500244
-0.000661749
-0.000851815
-0.0010668
-0.0013056
-0.00156786
-0.00185268
-0.00216002
-0.00246501
-0.00273844
-0.0029588
-0.00309196
-0.0030859
-3.55344e-05
-5.74139e-05
-0.000100171
-0.000159041
-0.000239501
-0.000336868
-0.000451717
-0.000583313
-0.000740675
-0.000926615
-0.00113757
-0.00136928
-0.00162661
-0.00190047
-0.00218918
-0.0024878
-0.00276206
-0.00297984
-0.00310925
-0.00310438
-7.67432e-05
-0.000102986
-0.000153185
-0.000220641
-0.000308364
-0.000412898
-0.000534541
-0.000669848
-0.000823933
-0.0010021
-0.00120725
-0.00142867
-0.00167318
-0.00193833
-0.00220747
-0.00248476
-0.00275112
-0.00296418
-0.00308999
-0.00308614
-0.000125308
-0.000155611
-0.000212046
-0.000287402
-0.00038191
-0.000492156
-0.000618926
-0.000757941
-0.000911271
-0.00108041
-0.00127436
-0.00148494
-0.00171051
-0.00195925
-0.00221234
-0.00246188
-0.00270585
-0.00290714
-0.00302694
-0.00302426
-0.000180317
-0.000214593
-0.000276103
-0.000357939
-0.000458874
-0.000574128
-0.000704943
-0.000846679
-0.00100041
-0.001163
-0.00134248
-0.00153747
-0.00174078
-0.00196132
-0.00219292
-0.00241468
-0.00262654
-0.0028078
-0.00291959
-0.00292175
-0.000240195
-0.000278186
-0.000344065
-0.000431206
-0.000537861
-0.000657689
-0.00079155
-0.000934479
-0.00108809
-0.00124801
-0.00141613
-0.00159269
-0.0017708
-0.00195231
-0.0021443
-0.00233
-0.00250258
-0.00265379
-0.00275387
-0.00276661
-0.000302531
-0.000344013
-0.000413792
-0.000505223
-0.000616663
-0.000740864
-0.000877387
-0.00102021
-0.00117086
-0.00132596
-0.0014866
-0.00165449
-0.00182271
-0.00198056
-0.00213032
-0.00226267
-0.0023656
-0.00244003
-0.00247866
-0.002466
-0.000364095
-0.000408527
-0.000481724
-0.00057672
-0.000692121
-0.000820444
-0.000960385
-0.0011044
-0.00125191
-0.00139753
-0.00153819
-0.00167336
-0.0018063
-0.00193362
-0.00205871
-0.00218221
-0.00229316
-0.00238148
-0.00243664
-0.00244338
-0.000421329
-0.000467026
-0.00054205
-0.000639115
-0.000756626
-0.000887171
-0.00102924
-0.00117473
-0.00132185
-0.00146576
-0.00160449
-0.00173341
-0.00185015
-0.00194822
-0.00202344
-0.00207692
-0.00210818
-0.00211777
-0.00211016
-0.00209043
-0.000476278
-0.00052632
-0.000605221
-0.00070628
-0.000827967
-0.000962701
-0.00110881
-0.00125768
-0.0014063
-0.00154783
-0.00167906
-0.00179366
-0.00188836
-0.0019588
-0.0020015
-0.00201698
-0.0020091
-0.00198374
-0.00195129
-0.00192584
0.00321249
0.00339604
0.00330037
0.00320368
0.00311688
0.00297106
0.00273076
0.00240766
0.00204832
0.00168395
0.00132675
0.000978365
0.000624382
0.000261805
-0.000115448
-0.000498255
-0.000887903
-0.00130236
-0.00174667
-0.00222845
-0.00275984
-0.00338327
-0.00411916
-0.00492204
-0.00571223
-0.00641261
-0.00697807
-0.00735057
-0.00750024
-0.00743729
-0.00717816
-0.00682346
-0.00646547
-0.0061539
-0.00592123
-0.00572937
-0.00558149
-0.00549039
-0.0054532
-0.00546615
-0.00547728
-0.00551646
-0.00560755
-0.00567584
-0.00571255
-0.00575999
-0.00584187
-0.00593747
-0.00600605
-0.00606106
-0.00612143
-0.00617891
-0.00622984
-0.00631492
-0.00641231
-0.00640871
-0.00640217
-0.00654336
-0.00665532
-0.0066236
-0.00662445
-0.00670807
-0.00677526
-0.0067987
-0.0068104
-0.00684553
-0.00688177
-0.00689127
-0.00691337
-0.00695239
-0.0069593
-0.00696602
-0.00700027
-0.00701568
-0.00701298
-0.00703196
-0.00705961
-0.00706632
-0.00707323
-0.00709357
-0.00711108
-0.00712341
-0.0071365
-0.00715493
-0.00717149
-0.00718732
-0.00720481
-0.00722205
-0.00724032
-0.00725863
-0.00727683
-0.00729681
-0.00731589
-0.00733636
-0.00735702
-0.00737793
-0.00739903
-0.00742022
-0.00744141
-0.00746538
0.00266624
0.00304724
0.00319058
0.00318231
0.00310009
0.00294193
0.00269697
0.00237626
0.00202077
0.00165838
0.00130198
0.000954197
0.000600476
0.000238115
-0.000138811
-0.000520173
-0.000907573
-0.00131902
-0.00176103
-0.0022412
-0.00276881
-0.0033858
-0.00411279
-0.00490483
-0.00568372
-0.00637268
-0.00693306
-0.0073104
-0.00746906
-0.00741482
-0.00716124
-0.00681059
-0.00645477
-0.00614493
-0.00591437
-0.00572352
-0.00557623
-0.00548562
-0.0054485
-0.00546214
-0.00547335
-0.0055123
-0.00560414
-0.00567283
-0.00570932
-0.0057569
-0.00583937
-0.00593513
-0.00600355
-0.00605895
-0.00611969
-0.00617703
-0.00622795
-0.00631349
-0.00641142
-0.00640744
-0.00640062
-0.00654255
-0.00665493
-0.00662273
-0.00662358
-0.00670755
-0.00677488
-0.00679831
-0.00680999
-0.00684522
-0.00688158
-0.00689102
-0.00691316
-0.00695232
-0.00695918
-0.00696587
-0.00700023
-0.00701564
-0.00701287
-0.00703189
-0.00705961
-0.00706629
-0.00707319
-0.00709356
-0.00711107
-0.00712339
-0.00713648
-0.00715492
-0.00717149
-0.00718731
-0.00720481
-0.00722204
-0.00724032
-0.00725863
-0.00727683
-0.00729681
-0.00731588
-0.00733636
-0.00735702
-0.00737792
-0.00739903
-0.00742022
-0.00744141
-0.00746537
0.00237052
0.00284555
0.00312853
0.00320353
0.00313004
0.00294972
0.00268415
0.00235399
0.00199596
0.00163283
0.00127488
0.000926032
0.000571445
0.000207469
-0.000170376
-0.000550752
-0.000934987
-0.00134216
-0.00178024
-0.002259
-0.00278358
-0.00339173
-0.00410217
-0.00486873
-0.00562015
-0.00628347
-0.00682641
-0.00720135
-0.00737309
-0.00734289
-0.00711448
-0.00678249
-0.00643881
-0.00613543
-0.00590935
-0.00572238
-0.0055776
-0.00548807
-0.00545119
-0.00546445
-0.00547537
-0.00551386
-0.00560413
-0.00567169
-0.00570878
-0.0057567
-0.00583839
-0.00593353
-0.00600159
-0.00605663
-0.00611755
-0.00617547
-0.00622597
-0.00631067
-0.00640901
-0.00640588
-0.00639894
-0.0065405
-0.00665279
-0.00662082
-0.00662211
-0.00670609
-0.00677324
-0.00679681
-0.00680871
-0.00684412
-0.00688061
-0.00689008
-0.0069123
-0.00695165
-0.00695857
-0.0069653
-0.00699979
-0.00701527
-0.00701254
-0.00703163
-0.00705942
-0.00706611
-0.00707304
-0.00709345
-0.00711097
-0.00712332
-0.00713643
-0.00715489
-0.00717146
-0.0071873
-0.0072048
-0.00722204
-0.00724032
-0.00725864
-0.00727684
-0.00729683
-0.0073159
-0.00733637
-0.00735703
-0.00737793
-0.00739904
-0.00742022
-0.00744149
-0.00746547
0.0021133
0.00262752
0.0029992
0.0031535
0.00311868
0.00294068
0.00266116
0.00231883
0.00195571
0.00159237
0.00123455
0.000886196
0.00053161
0.000166682
-0.000211558
-0.000590525
-0.000970889
-0.00137332
-0.00180675
-0.00228362
-0.00280363
-0.00339826
-0.00408473
-0.00481947
-0.00554005
-0.00617629
-0.00669923
-0.0070706
-0.00725658
-0.00725429
-0.00705574
-0.00674663
-0.00641919
-0.00612414
-0.00590173
-0.00571866
-0.00557639
-0.00548854
-0.00545177
-0.00546341
-0.00547507
-0.00551353
-0.00560029
-0.00566683
-0.00570609
-0.00575432
-0.00583514
-0.00593014
-0.00599693
-0.00605086
-0.00611327
-0.00617255
-0.00622185
-0.00630479
-0.00640364
-0.00640289
-0.00639657
-0.00653617
-0.0066476
-0.00661722
-0.00661972
-0.00670316
-0.0067697
-0.00679367
-0.00680618
-0.00684177
-0.00687836
-0.00688808
-0.00691044
-0.00694992
-0.00695711
-0.00696406
-0.00699861
-0.0070142
-0.00701165
-0.00703082
-0.00705866
-0.0070655
-0.00707259
-0.00709304
-0.00711058
-0.00712298
-0.00713615
-0.00715464
-0.00717125
-0.00718712
-0.00720467
-0.00722193
-0.00724024
-0.00725858
-0.0072768
-0.0072968
-0.00731589
-0.00733638
-0.00735705
-0.00737795
-0.00739908
-0.00742024
-0.00744167
-0.00746569
0.00186789
0.00240162
0.00283822
0.00306537
0.0030864
0.00293033
0.00264775
0.0022931
0.00191957
0.00155159
0.00119286
0.000844525
0.000489696
0.000124675
-0.000253082
-0.000630725
-0.00100712
-0.0014045
-0.00183286
-0.0023059
-0.00281962
-0.00339689
-0.00405538
-0.00475786
-0.00544878
-0.00605976
-0.00656369
-0.0069305
-0.00712958
-0.00715463
-0.0069874
-0.00670451
-0.00639622
-0.00611076
-0.0058923
-0.00571291
-0.00557309
-0.00548753
-0.00545101
-0.00546122
-0.00547447
-0.0055132
-0.00559592
-0.00566128
-0.00570318
-0.00575192
-0.00583177
-0.00592631
-0.00599127
-0.00604407
-0.00610821
-0.00616895
-0.006217
-0.0062972
-0.00639609
-0.00639915
-0.00639395
-0.0065299
-0.00663985
-0.00661222
-0.00661651
-0.00669885
-0.00676425
-0.00678882
-0.00680221
-0.00683788
-0.00687468
-0.00688499
-0.00690745
-0.00694691
-0.00695458
-0.00696185
-0.00699638
-0.00701227
-0.00701015
-0.00702939
-0.00705725
-0.00706436
-0.00707169
-0.00709219
-0.00710979
-0.00712233
-0.0071356
-0.00715415
-0.00717082
-0.00718676
-0.00720437
-0.00722168
-0.00724004
-0.00725842
-0.00727669
-0.00729672
-0.00731585
-0.00733635
-0.00735706
-0.00737795
-0.00739913
-0.00742024
-0.0074419
-0.00746604
0.00163136
0.00217522
0.00266519
0.00295638
0.00303546
0.00291544
0.00264254
0.0022781
0.00188935
0.0015116
0.00114954
0.00080072
0.00044541
8.01262e-05
-0.000296176
-0.00067265
-0.00104506
-0.00143663
-0.00185885
-0.00232544
-0.00283126
-0.00338988
-0.0040206
-0.00469324
-0.00535502
-0.00594101
-0.00642671
-0.00678793
-0.00699802
-0.00704858
-0.00691298
-0.00665812
-0.00637075
-0.00609654
-0.00588278
-0.00570692
-0.00556912
-0.00548555
-0.00545
-0.00545927
-0.00547377
-0.00551283
-0.00559152
-0.00565523
-0.00569994
-0.00574967
-0.00582819
-0.00592183
-0.00598506
-0.00603664
-0.00610242
-0.00616487
-0.00621146
-0.00628833
-0.00638738
-0.00639502
-0.00639083
-0.0065223
-0.00663077
-0.00660657
-0.00661273
-0.00669352
-0.00675765
-0.00678301
-0.00679745
-0.00683316
-0.00687025
-0.00688126
-0.00690368
-0.00694304
-0.00695136
-0.00695904
-0.00699353
-0.00700981
-0.00700822
-0.00702747
-0.00705531
-0.00706279
-0.00707043
-0.00709099
-0.00710867
-0.0071214
-0.00713481
-0.00715342
-0.00717017
-0.00718621
-0.00720391
-0.00722129
-0.00723972
-0.00725815
-0.00727649
-0.00729656
-0.00731576
-0.00733627
-0.00735705
-0.00737792
-0.00739919
-0.00742024
-0.00744216
-0.00746649
0.00140048
0.00195024
0.00248442
0.00283324
0.00296677
0.00288912
0.0026368
0.00226925
0.00186447
0.0014727
0.00110368
0.000753295
0.000397453
3.07549e-05
-0.000343469
-0.000717527
-0.00108587
-0.00147026
-0.00188501
-0.00234319
-0.0028398
-0.0033807
-0.0039841
-0.00462715
-0.00525926
-0.00581977
-0.00628826
-0.00664375
-0.0068624
-0.00693648
-0.00683259
-0.00660702
-0.00634262
-0.00608128
-0.00587276
-0.00570071
-0.00556442
-0.00548242
-0.0054485
-0.00545688
-0.00547212
-0.00551178
-0.00558667
-0.0056485
-0.00569637
-0.00574738
-0.00582407
-0.0059167
-0.00597834
-0.00602847
-0.00609601
-0.00616031
-0.00620515
-0.00627861
-0.00637806
-0.00639043
-0.00638715
-0.00651397
-0.00662106
-0.00660043
-0.00660838
-0.00668756
-0.00675046
-0.0067767
-0.00679222
-0.00682794
-0.00686527
-0.00687703
-0.00689948
-0.00693876
-0.00694778
-0.00695587
-0.00699026
-0.00700698
-0.007006
-0.00702528
-0.00705312
-0.007061
-0.00706896
-0.00708957
-0.00710735
-0.0071203
-0.00713387
-0.00715256
-0.0071694
-0.00718554
-0.00720335
-0.0072208
-0.00723932
-0.00725782
-0.00727624
-0.00729636
-0.00731564
-0.00733617
-0.00735702
-0.00737787
-0.00739924
-0.00742023
-0.00744241
-0.00746698
0.00117449
0.00172885
0.00229931
0.0027002
0.00288256
0.00284799
0.00262285
0.00226095
0.00184353
0.00143493
0.00105509
0.00070109
0.000345393
-2.29196e-05
-0.000395564
-0.000765132
-0.00112893
-0.00150497
-0.00191074
-0.00235946
-0.00284529
-0.00336956
-0.0039454
-0.00455695
-0.00515988
-0.00569656
-0.00614969
-0.00649929
-0.00672384
-0.00681903
-0.00674572
-0.00655
-0.00631026
-0.00606321
-0.00586101
-0.00569355
-0.00555893
-0.00547828
-0.00544571
-0.00545338
-0.00546977
-0.00551007
-0.00558113
-0.00564128
-0.00569252
-0.00574467
-0.00581924
-0.00591087
-0.00597111
-0.00601975
-0.00608891
-0.00615509
-0.00619836
-0.00626835
-0.00636802
-0.00638529
-0.00638313
-0.00650516
-0.00661073
-0.00659375
-0.0066036
-0.0066812
-0.00674281
-0.00676991
-0.00678656
-0.00682227
-0.00685986
-0.00687249
-0.00689499
-0.00693415
-0.00694386
-0.00695237
-0.0069867
-0.00700391
-0.00700359
-0.0070229
-0.00705073
-0.00705903
-0.00706734
-0.00708799
-0.0071059
-0.00711909
-0.00713284
-0.0071516
-0.00716855
-0.0071848
-0.00720272
-0.00722024
-0.00723887
-0.00725744
-0.00727596
-0.00729612
-0.0073155
-0.00733605
-0.00735699
-0.00737782
-0.00739929
-0.00742022
-0.00744263
-0.00746751
0.000951922
0.00151122
0.00211147
0.00255869
0.00278485
0.00279035
0.00259688
0.00224896
0.00182514
0.00139939
0.00100569
0.00064551
0.000290224
-7.8846e-05
-0.000451892
-0.000816205
-0.00117357
-0.00154032
-0.00193586
-0.00237422
-0.00284762
-0.00335527
-0.00390356
-0.00448234
-0.00505799
-0.00557406
-0.00601196
-0.00635427
-0.00658246
-0.00669507
-0.00665066
-0.00648578
-0.00627219
-0.00604192
-0.00584763
-0.00568547
-0.00555357
-0.00547353
-0.00544131
-0.00544883
-0.00546675
-0.00550746
-0.00557473
-0.00563336
-0.00568805
-0.00574153
-0.00581394
-0.00590452
-0.00596359
-0.00601046
-0.00608078
-0.00614938
-0.00619158
-0.00625748
-0.00635698
-0.00637975
-0.00637902
-0.00649579
-0.00659964
-0.00658663
-0.00659851
-0.00667435
-0.00673457
-0.00676261
-0.00678051
-0.00681624
-0.0068541
-0.00686759
-0.00689012
-0.00692912
-0.00693963
-0.00694866
-0.00698292
-0.00700061
-0.00700097
-0.00702031
-0.00704815
-0.00705691
-0.00706559
-0.0070863
-0.00710434
-0.00711777
-0.00713172
-0.00715056
-0.00716763
-0.00718399
-0.00720204
-0.00721964
-0.00723838
-0.00725702
-0.00727565
-0.00729587
-0.00731535
-0.00733591
-0.00735696
-0.00737775
-0.00739933
-0.00742022
-0.00744282
-0.00746806
0.000732097
0.00129724
0.00192212
0.00240981
0.00267597
0.00271727
0.0025568
0.00222915
0.00180647
0.00136638
0.000956678
0.000587759
0.000231944
-0.000136267
-0.000511035
-0.000871296
-0.00121961
-0.00157617
-0.00196068
-0.00238744
-0.00284703
-0.00333676
-0.00385855
-0.00440524
-0.00495475
-0.00545203
-0.0058737
-0.00620755
-0.00643793
-0.00656446
-0.00654808
-0.00641507
-0.00622874
-0.00601777
-0.00583277
-0.0056763
-0.00554787
-0.00546783
-0.00543539
-0.00544306
-0.00546251
-0.00550397
-0.00556785
-0.0056245
-0.00568274
-0.00573835
-0.00580853
-0.00589768
-0.00595552
-0.00600026
-0.0060718
-0.00614358
-0.00618474
-0.00624578
-0.00634493
-0.00637383
-0.00637472
-0.00648578
-0.00658781
-0.00657909
-0.00659301
-0.0066669
-0.00672576
-0.00675489
-0.0067741
-0.00680977
-0.00684784
-0.00686227
-0.00688487
-0.00692379
-0.00693514
-0.00694467
-0.00697882
-0.00699702
-0.00699812
-0.00701752
-0.00704539
-0.00705463
-0.0070637
-0.00708445
-0.00710264
-0.00711635
-0.00713051
-0.00714944
-0.00716663
-0.00718312
-0.00720131
-0.00721899
-0.00723785
-0.00725656
-0.00727531
-0.00729558
-0.00731519
-0.00733576
-0.00735692
-0.00737769
-0.00739936
-0.00742022
-0.00744299
-0.00746863
0.000514901
0.00108616
0.00173102
0.00225326
0.00255676
0.00263095
0.00250213
0.00219898
0.00178448
0.00133488
0.00090903
0.000528967
0.00017082
-0.000195279
-0.000571462
-0.000929976
-0.00126875
-0.00161331
-0.00198481
-0.0023985
-0.00284316
-0.00331355
-0.00381043
-0.00432736
-0.00485046
-0.00532869
-0.00573481
-0.00606007
-0.00629147
-0.00642971
-0.00643937
-0.00633796
-0.00617946
-0.00598917
-0.0058151
-0.00566502
-0.00554083
-0.00546166
-0.00542897
-0.00543641
-0.00545709
-0.0054997
-0.00556036
-0.00561424
-0.00567619
-0.00573519
-0.00580326
-0.00589013
-0.00594646
-0.00598943
-0.00606248
-0.00613736
-0.00617735
-0.00623336
-0.00633203
-0.00636732
-0.00637009
-0.00647521
-0.00657527
-0.00657096
-0.00658698
-0.00665891
-0.00671641
-0.00674663
-0.00676716
-0.0068028
-0.00684114
-0.00685658
-0.00687929
-0.00691808
-0.00693027
-0.00694034
-0.00697442
-0.00699319
-0.00699506
-0.00701451
-0.0070424
-0.00705217
-0.00706165
-0.00708246
-0.00710082
-0.00711482
-0.0071292
-0.00714822
-0.00716556
-0.00718218
-0.00720051
-0.00721828
-0.00723727
-0.00725607
-0.00727495
-0.00729528
-0.00731501
-0.0073356
-0.00735687
-0.00737762
-0.00739938
-0.00742023
-0.00744314
-0.00746922
0.000300843
0.000877651
0.00153842
0.00208963
0.00242878
0.00253465
0.00243451
0.00215703
0.0017559
0.00130263
0.000862961
0.000470004
0.000106961
-0.000256933
-0.000632802
-0.000990843
-0.00132165
-0.00165174
-0.00200671
-0.00240648
-0.00283642
-0.00328686
-0.00376005
-0.00424956
-0.00474539
-0.00520365
-0.00559618
-0.00591315
-0.00614428
-0.00629203
-0.00632444
-0.00625308
-0.00612287
-0.0059551
-0.00579413
-0.0056518
-0.0055332
-0.00545559
-0.00542215
-0.00542885
-0.00545031
-0.00549378
-0.00555152
-0.00560266
-0.00566867
-0.00573219
-0.00579803
-0.00588147
-0.00593656
-0.00597842
-0.00605246
-0.00613011
-0.00616939
-0.00622053
-0.00631835
-0.00636004
-0.00636496
-0.00646405
-0.00656196
-0.00656217
-0.00658043
-0.00665039
-0.00670643
-0.00673774
-0.00675976
-0.00679544
-0.006834
-0.00685042
-0.00687325
-0.00691191
-0.00692505
-0.00693574
-0.00696974
-0.00698906
-0.00699173
-0.00701125
-0.00703921
-0.00704954
-0.00705945
-0.00708032
-0.00709885
-0.00711316
-0.00712778
-0.0071469
-0.00716439
-0.00718116
-0.00719965
-0.00721752
-0.00723666
-0.00725554
-0.00727456
-0.00729495
-0.00731481
-0.00733543
-0.0073568
-0.00737755
-0.00739939
-0.00742025
-0.00744327
-0.0074698
8.93732e-05
0.000671405
0.00134586
0.00192077
0.00229302
0.00242954
0.00235516
0.00210206
0.00171778
0.00126703
0.000817158
0.000411074
4.07252e-05
-0.000321475
-0.000694132
-0.00105136
-0.00137636
-0.00169187
-0.00202709
-0.00241127
-0.00282781
-0.00325829
-0.0037077
-0.00417056
-0.00463922
-0.00507805
-0.00545802
-0.00576733
-0.00599656
-0.00615079
-0.00620394
-0.00616077
-0.0060589
-0.00591643
-0.00576988
-0.00563598
-0.00552465
-0.00544851
-0.00541395
-0.00542075
-0.00544256
-0.00548591
-0.00554135
-0.00559037
-0.00566027
-0.00572853
-0.005792
-0.00587189
-0.00592653
-0.00596719
-0.0060412
-0.00612177
-0.00616109
-0.0062071
-0.00630364
-0.006352
-0.00635933
-0.00645221
-0.00654799
-0.00655287
-0.00657329
-0.00664115
-0.00669579
-0.00672833
-0.00675191
-0.00678757
-0.00682628
-0.00684379
-0.0068668
-0.00690536
-0.00691948
-0.00693079
-0.00696471
-0.00698463
-0.00698816
-0.00700775
-0.00703578
-0.0070467
-0.00705707
-0.007078
-0.00709672
-0.00711137
-0.00712625
-0.00714548
-0.00716314
-0.00718006
-0.00719873
-0.0072167
-0.00723599
-0.00725497
-0.00727413
-0.00729459
-0.00731459
-0.00733525
-0.00735672
-0.00737749
-0.00739937
-0.00742026
-0.00744339
-0.00747039
-0.000120711
0.000466892
0.00115434
0.00174828
0.00214918
0.00231562
0.00226556
0.00203462
0.00166835
0.00122549
0.00076996
0.000352468
-2.6201e-05
-0.000388176
-0.000755427
-0.00111076
-0.0014318
-0.00173466
-0.00204853
-0.00241285
-0.00281608
-0.0032283
-0.0036529
-0.00408899
-0.00453281
-0.00495392
-0.00532106
-0.00562226
-0.00584809
-0.00600663
-0.00607974
-0.00606303
-0.00598741
-0.00587181
-0.00574128
-0.00561582
-0.00551387
-0.00544044
-0.00540486
-0.00541288
-0.00543422
-0.00547592
-0.00552976
-0.00557708
-0.0056501
-0.00572335
-0.00578556
-0.00586245
-0.00591638
-0.00595496
-0.0060284
-0.00611246
-0.00615247
-0.00619298
-0.00628791
-0.00634348
-0.00635334
-0.00643948
-0.00653316
-0.00654307
-0.00656548
-0.00663111
-0.0066846
-0.00671843
-0.00674344
-0.00677909
-0.00681807
-0.00683671
-0.00685989
-0.00689834
-0.00691349
-0.0069255
-0.00695934
-0.00697987
-0.00698428
-0.00700395
-0.00703209
-0.00704364
-0.0070545
-0.0070755
-0.00709444
-0.00710945
-0.00712459
-0.00714394
-0.00716179
-0.00717887
-0.00719772
-0.0072158
-0.00723525
-0.00725435
-0.00727367
-0.00729421
-0.00731434
-0.00733505
-0.00735662
-0.00737742
-0.00739933
-0.00742027
-0.00744349
-0.00747096
-0.00032951
0.000263966
0.000963888
0.00157377
0.00199776
0.00219292
0.00216641
0.00195554
0.00160686
0.00117573
0.000720012
0.000293706
-9.28064e-05
-0.000456793
-0.000817974
-0.0011693
-0.00148702
-0.00177873
-0.00207218
-0.00241159
-0.00279894
-0.00319685
-0.00359684
-0.00400613
-0.00442734
-0.00483176
-0.00518583
-0.00547753
-0.00569967
-0.00586156
-0.00595223
-0.00596035
-0.00590791
-0.00581883
-0.00570806
-0.00559184
-0.00550011
-0.00543206
-0.00539538
-0.00540422
-0.00542496
-0.00546425
-0.00551695
-0.00556242
-0.00563747
-0.00571695
-0.00577962
-0.00585266
-0.00590471
-0.00594167
-0.00601499
-0.00610253
-0.00614341
-0.00617812
-0.00627094
-0.00633425
-0.00634701
-0.00642574
-0.00651727
-0.00653287
-0.00655726
-0.00662031
-0.00667263
-0.00670784
-0.00673436
-0.00677007
-0.00680935
-0.00682914
-0.0068525
-0.00689086
-0.00690709
-0.00691979
-0.00695354
-0.00697474
-0.00698012
-0.00699989
-0.00702815
-0.00704038
-0.00705173
-0.00707278
-0.00709197
-0.00710736
-0.0071228
-0.00714228
-0.00716033
-0.00717759
-0.00719663
-0.00721485
-0.00723446
-0.00725369
-0.00727315
-0.0072938
-0.00731406
-0.00733485
-0.00735649
-0.00737735
-0.00739927
-0.00742027
-0.00744359
-0.00747151
-0.000536651
6.2649e-05
0.000774363
0.00139859
0.00184079
0.00206126
0.00205793
0.00186603
0.00153412
0.00111624
0.000664825
0.000232945
-0.000159854
-0.000526439
-0.000882181
-0.001227
-0.00154008
-0.00182193
-0.00209729
-0.00240944
-0.0027764
-0.00316265
-0.003542
-0.00392421
-0.00432228
-0.00471067
-0.00505267
-0.00533445
-0.00555234
-0.00571598
-0.00582043
-0.00585272
-0.00582287
-0.00575781
-0.00566957
-0.00556511
-0.00548209
-0.00542125
-0.0053852
-0.00539445
-0.00541528
-0.00545208
-0.00550275
-0.00554562
-0.00562238
-0.00570964
-0.00577355
-0.00584119
-0.00589147
-0.00592863
-0.00600175
-0.0060915
-0.00613317
-0.00616224
-0.00625256
-0.00632412
-0.00634065
-0.00641144
-0.00650024
-0.00652202
-0.00654855
-0.00660853
-0.00665964
-0.0066967
-0.00672495
-0.00676059
-0.00680002
-0.00682097
-0.00684454
-0.00688278
-0.00690018
-0.0069137
-0.00694744
-0.00696933
-0.00697566
-0.00699549
-0.00702388
-0.00703683
-0.00704872
-0.00706987
-0.00708932
-0.00710513
-0.00712087
-0.00714049
-0.00715875
-0.00717621
-0.00719546
-0.00721382
-0.0072336
-0.00725297
-0.00727259
-0.00729336
-0.00731374
-0.00733464
-0.00735634
-0.00737726
-0.0073992
-0.00742026
-0.00744369
-0.00747204
-0.000741133
-0.000136635
0.000585913
0.00122335
0.00168064
0.00192151
0.00194045
0.00176702
0.00145073
0.00104577
0.000601528
0.000168534
-0.000227752
-0.000595249
-0.00094695
-0.00128384
-0.00158966
-0.001863
-0.00212256
-0.00240878
-0.00275112
-0.00312414
-0.003489
-0.00384517
-0.00421725
-0.00458994
-0.00492171
-0.00519446
-0.0054069
-0.00557018
-0.00568504
-0.00574064
-0.00573472
-0.00568994
-0.00562283
-0.00553421
-0.00545991
-0.00540599
-0.0053742
-0.00538529
-0.00540563
-0.00543888
-0.00548621
-0.00552662
-0.00560593
-0.00570108
-0.00576584
-0.00582815
-0.0058779
-0.00591599
-0.00598779
-0.00607869
-0.00612167
-0.00614571
-0.0062331
-0.00631309
-0.00633434
-0.00639675
-0.00648169
-0.00650984
-0.00653926
-0.00659628
-0.00664608
-0.006685
-0.00671494
-0.00675031
-0.00678983
-0.00681212
-0.00683606
-0.0068743
-0.00689294
-0.00690727
-0.00694086
-0.00696342
-0.00697075
-0.00699072
-0.00701932
-0.00703309
-0.00704554
-0.00706675
-0.00708647
-0.00710272
-0.00711877
-0.00713856
-0.00715704
-0.00717474
-0.00719417
-0.00721271
-0.00723266
-0.0072522
-0.00727197
-0.00729289
-0.00731339
-0.0073344
-0.00735616
-0.00737716
-0.00739912
-0.00742023
-0.00744377
-0.00747255
-0.000942
-0.000333803
0.000398162
0.0010479
0.00151859
0.00177591
0.00181448
0.00165882
0.00135702
0.000964146
0.000529246
9.90897e-05
-0.000297297
-0.000663494
-0.0010114
-0.00133998
-0.00163636
-0.00190076
-0.00214689
-0.00241043
-0.00272617
-0.00308164
-0.00343533
-0.00376977
-0.00411386
-0.00446962
-0.0047933
-0.00505828
-0.00526443
-0.00542545
-0.00554699
-0.00562349
-0.00564311
-0.00561703
-0.0055672
-0.00549728
-0.00543533
-0.00538665
-0.00536017
-0.00537669
-0.00539614
-0.00542361
-0.00546781
-0.00550687
-0.0055883
-0.00569003
-0.00575582
-0.0058142
-0.00586396
-0.00590269
-0.00597267
-0.00606471
-0.00610985
-0.00612895
-0.00621221
-0.00630042
-0.00632737
-0.00638147
-0.00646199
-0.00649679
-0.00652968
-0.00658368
-0.00663162
-0.00667204
-0.00670385
-0.00673942
-0.00677923
-0.0068029
-0.00682718
-0.00686526
-0.00688503
-0.00690017
-0.00693376
-0.00695715
-0.00696561
-0.0069857
-0.00701449
-0.00702907
-0.00704206
-0.00706335
-0.00708337
-0.00710012
-0.00711651
-0.00713648
-0.00715519
-0.00717314
-0.00719278
-0.00721152
-0.00723164
-0.00725138
-0.0072713
-0.00729237
-0.007313
-0.00733414
-0.00735597
-0.00737704
-0.00739902
-0.00742019
-0.00744385
-0.00747301
-0.00113905
-0.000528879
0.000210945
0.000871885
0.00135509
0.00162656
0.00168155
0.00154193
0.00125355
0.000871852
0.000447569
2.28206e-05
-0.000370726
-0.000732672
-0.00107469
-0.00139467
-0.00168085
-0.00193418
-0.00216875
-0.00241352
-0.00270304
-0.00303694
-0.00337858
-0.00369805
-0.0040163
-0.00435128
-0.00466675
-0.00492538
-0.00512499
-0.00528315
-0.00540787
-0.00550126
-0.00554724
-0.00554088
-0.0055054
-0.00545291
-0.00540664
-0.00536435
-0.00534089
-0.00536604
-0.0053883
-0.00540802
-0.00544817
-0.00548597
-0.00556728
-0.00567614
-0.00574527
-0.00579917
-0.00584798
-0.00588834
-0.00595734
-0.0060503
-0.0060977
-0.00611142
-0.00618908
-0.00628562
-0.00631998
-0.00636637
-0.00644198
-0.0064829
-0.00651871
-0.0065697
-0.0066163
-0.00665843
-0.00669233
-0.00672834
-0.00676827
-0.00679284
-0.00681727
-0.0068554
-0.00687665
-0.00689282
-0.0069264
-0.00695056
-0.00696005
-0.00698022
-0.00700921
-0.00702471
-0.0070383
-0.0070597
-0.00708005
-0.00709735
-0.00711407
-0.00713423
-0.00715319
-0.00717143
-0.0071913
-0.00721024
-0.00723053
-0.00725048
-0.00727056
-0.00729181
-0.00731258
-0.00733384
-0.00735575
-0.00737689
-0.00739891
-0.00742013
-0.00744391
-0.00747344
-0.00133245
-0.000721608
2.48322e-05
0.000695399
0.00119041
0.00147433
0.00154344
0.0014174
0.00114117
0.000769808
0.000356199
-6.06145e-05
-0.000449546
-0.000804161
-0.00113734
-0.00144765
-0.00172297
-0.0019636
-0.00218635
-0.00241595
-0.00268182
-0.00299312
-0.00332112
-0.00362977
-0.00392647
-0.00423623
-0.00454035
-0.0047951
-0.00498886
-0.00514433
-0.00527058
-0.00537571
-0.00544602
-0.00546053
-0.00543996
-0.0054016
-0.00536993
-0.00533992
-0.00531872
-0.0053497
-0.0053814
-0.00539514
-0.00542644
-0.00546177
-0.00554298
-0.00566098
-0.00573574
-0.0057821
-0.00582783
-0.00587299
-0.00594316
-0.00603521
-0.00608389
-0.00609316
-0.00616465
-0.0062691
-0.00631238
-0.00635129
-0.00642074
-0.00646754
-0.00650646
-0.00655482
-0.00660096
-0.0066449
-0.00667989
-0.00671587
-0.00675617
-0.00678201
-0.00680691
-0.00684531
-0.006868
-0.00688494
-0.00691835
-0.00694333
-0.006954
-0.00697433
-0.0070036
-0.00702009
-0.00703431
-0.00705582
-0.00707649
-0.00709435
-0.00711143
-0.00713183
-0.00715105
-0.00716959
-0.00718967
-0.00720885
-0.00722934
-0.00724951
-0.00726977
-0.00729119
-0.00731212
-0.0073335
-0.0073555
-0.00737671
-0.00739877
-0.00742005
-0.00744396
-0.00747383
-0.00152318
-0.000912156
-0.000159959
0.000518816
0.00102424
0.00131901
0.00140044
0.0012863
0.00102119
0.000659655
0.000255665
-0.000151335
-0.000534366
-0.000880278
-0.00120129
-0.0014989
-0.00176187
-0.00198937
-0.00219854
-0.00241519
-0.00266265
-0.00295366
-0.00326633
-0.00356316
-0.00384221
-0.00412691
-0.00441569
-0.00466712
-0.00485632
-0.00500868
-0.00513694
-0.00525011
-0.00533902
-0.00537403
-0.00537154
-0.00534608
-0.00532444
-0.00531179
-0.00529649
-0.00532576
-0.00537074
-0.00538658
-0.00540431
-0.00543408
-0.00551708
-0.00564396
-0.00572507
-0.00576345
-0.00580401
-0.00585593
-0.00592986
-0.00601951
-0.00606839
-0.00607512
-0.00613996
-0.00625008
-0.00630302
-0.00633539
-0.00639825
-0.00645182
-0.00649449
-0.00653898
-0.00658417
-0.00663034
-0.00666626
-0.00670225
-0.00674383
-0.00677137
-0.00679612
-0.00683423
-0.00685839
-0.00687638
-0.0069098
-0.00693576
-0.00694764
-0.00696807
-0.00699761
-0.00701516
-0.00703
-0.00705161
-0.00707265
-0.00709115
-0.00710861
-0.00712922
-0.00714872
-0.00716759
-0.00718793
-0.00720735
-0.00722806
-0.00724845
-0.00726892
-0.00729051
-0.0073116
-0.00733311
-0.00735522
-0.0073765
-0.00739861
-0.00741995
-0.00744398
-0.00747417
-0.0017121
-0.00110094
-0.00034415
0.000341989
0.000856022
0.00116022
0.00125211
0.00114933
0.000895146
0.000542933
0.000147054
-0.000249958
-0.000625036
-0.000961728
-0.00126784
-0.00154891
-0.00179794
-0.00201208
-0.00220617
-0.00241046
-0.00264453
-0.00291844
-0.00321488
-0.00349842
-0.0037629
-0.00402618
-0.00429583
-0.00454049
-0.00472672
-0.00487594
-0.00500723
-0.00512763
-0.00522881
-0.00528144
-0.00529826
-0.00528725
-0.00527305
-0.00527692
-0.00527294
-0.00529748
-0.00535291
-0.00537989
-0.00538549
-0.00540454
-0.00548858
-0.00562255
-0.00571135
-0.00574617
-0.00577923
-0.0058344
-0.00591511
-0.00600485
-0.00605254
-0.00605635
-0.00611416
-0.00622819
-0.00629169
-0.00631968
-0.00637566
-0.0064356
-0.00648197
-0.00652124
-0.00656503
-0.00661534
-0.00665333
-0.0066885
-0.00673046
-0.0067596
-0.00678427
-0.00682224
-0.00684832
-0.0068676
-0.00690087
-0.00692766
-0.00694075
-0.00696135
-0.00699121
-0.00700989
-0.00702538
-0.00704711
-0.00706855
-0.00708769
-0.00710553
-0.00712641
-0.00714623
-0.00716546
-0.00718606
-0.00720573
-0.00722668
-0.0072473
-0.00726799
-0.00728976
-0.00731104
-0.00733268
-0.0073549
-0.00737626
-0.00739842
-0.00741983
-0.00744399
-0.00747446
-0.00189668
-0.00128701
-0.000528061
0.000163943
0.00068531
0.000997522
0.00109856
0.0010066
0.000763078
0.00042
3.18507e-05
-0.000355437
-0.000720285
-0.00104686
-0.00133824
-0.00160061
-0.00183328
-0.00203323
-0.00221099
-0.00240152
-0.00262419
-0.0028852
-0.00316836
-0.00343908
-0.00368993
-0.00393409
-0.00418242
-0.00441583
-0.0045996
-0.0047465
-0.00488035
-0.00500851
-0.00511993
-0.00518596
-0.00521801
-0.00522279
-0.00521866
-0.00523485
-0.00524473
-0.00526938
-0.005329
-0.0053681
-0.0053701
-0.00537696
-0.00545623
-0.00559619
-0.00569534
-0.0057305
-0.00575449
-0.00580766
-0.00589651
-0.00599133
-0.00603763
-0.00603614
-0.0060869
-0.00620492
-0.00627937
-0.00630379
-0.00635173
-0.00641715
-0.00646874
-0.00650356
-0.0065452
-0.00659964
-0.00664001
-0.00667345
-0.00671522
-0.00674692
-0.00677244
-0.0068101
-0.00683761
-0.00685806
-0.00689127
-0.00691904
-0.00693348
-0.00695423
-0.00698438
-0.00700425
-0.00702043
-0.00704226
-0.00706411
-0.00708397
-0.00710228
-0.00712342
-0.00714357
-0.00716315
-0.00718404
-0.00720397
-0.00722518
-0.00724605
-0.00726698
-0.00728894
-0.00731041
-0.0073322
-0.00735452
-0.00737598
-0.0073982
-0.00741969
-0.00744396
-0.00747468
-0.00207197
-0.001468
-0.000710796
-1.58984e-05
0.000511406
0.000830419
0.000939481
0.000857691
0.000623942
0.000290765
-8.85259e-05
-0.000465628
-0.000819023
-0.00113457
-0.00141262
-0.00165667
-0.0018698
-0.00205411
-0.00221484
-0.00238924
-0.00260058
-0.00285244
-0.00312702
-0.00338677
-0.0036237
-0.00384927
-0.00407616
-0.00429596
-0.00447625
-0.00462066
-0.00475486
-0.00489134
-0.00501553
-0.0050925
-0.00513198
-0.00514949
-0.00516049
-0.0051882
-0.00521043
-0.0052412
-0.00530249
-0.00534763
-0.00535401
-0.00535439
-0.00542245
-0.00556523
-0.00567693
-0.00571335
-0.00572924
-0.00577887
-0.00587342
-0.00597628
-0.00602447
-0.00601661
-0.00605834
-0.00617974
-0.0062655
-0.00628657
-0.00632584
-0.00639735
-0.00645637
-0.00648695
-0.00652374
-0.00658075
-0.00662506
-0.00665873
-0.00670021
-0.00673358
-0.00675979
-0.0067972
-0.00682608
-0.00684784
-0.00688123
-0.00691004
-0.0069257
-0.00694652
-0.00697704
-0.00699821
-0.00701514
-0.00703709
-0.00705944
-0.00708004
-0.00709878
-0.00712016
-0.00714068
-0.00716066
-0.00718188
-0.00720209
-0.00722358
-0.00724471
-0.00726588
-0.00728805
-0.00730971
-0.00733167
-0.00735411
-0.00737567
-0.00739795
-0.0074195
-0.00744389
-0.00747485
-0.00223525
-0.00164111
-0.000890149
-0.000195931
0.000334358
0.000658741
0.000773935
0.000701807
0.000477684
0.000155223
-0.000213512
-0.000579336
-0.000919784
-0.00122336
-0.00148785
-0.00171614
-0.00190928
-0.00207682
-0.00222162
-0.00237752
-0.00257532
-0.00281819
-0.00308765
-0.00334081
-0.00356459
-0.00377202
-0.00397898
-0.00418414
-0.00435838
-0.0044983
-0.00462989
-0.0047747
-0.00491494
-0.00500406
-0.0050454
-0.00506846
-0.00509561
-0.00513746
-0.00517032
-0.00520969
-0.00527556
-0.00532257
-0.00533198
-0.00533372
-0.0053919
-0.00553054
-0.00565425
-0.00569419
-0.00570275
-0.00575033
-0.00584786
-0.00595649
-0.00601112
-0.00600002
-0.00602906
-0.0061505
-0.00624963
-0.00626985
-0.00629946
-0.00637607
-0.00644323
-0.00646955
-0.0065009
-0.0065606
-0.00660972
-0.00664421
-0.00668484
-0.00671883
-0.00674571
-0.00678374
-0.00681437
-0.00683709
-0.00687043
-0.00690041
-0.00691744
-0.00693833
-0.00696925
-0.00699185
-0.0070096
-0.00703162
-0.0070544
-0.00707575
-0.007095
-0.00711668
-0.00713761
-0.00715801
-0.00717956
-0.00720007
-0.00722184
-0.00724324
-0.00726469
-0.00728708
-0.00730894
-0.00733108
-0.00735363
-0.0073753
-0.00739766
-0.00741929
-0.00744379
-0.00747495
-0.00238347
-0.00180173
-0.00106227
-0.00037337
0.00015537
0.000482341
0.000601386
0.000537503
0.000324108
1.28694e-05
-0.000343635
-0.000696835
-0.0010218
-0.00131131
-0.0015609
-0.00177612
-0.00195343
-0.00210426
-0.00223493
-0.002371
-0.00255133
-0.00278172
-0.00304638
-0.00329831
-0.00351258
-0.00370407
-0.0038925
-0.00408156
-0.00424678
-0.00438117
-0.00450798
-0.00465719
-0.00481403
-0.00492013
-0.00496556
-0.00498638
-0.00502103
-0.00507795
-0.00512559
-0.00517509
-0.0052474
-0.00529741
-0.00530447
-0.00530828
-0.00536464
-0.0054952
-0.0056266
-0.00567506
-0.00567544
-0.00571914
-0.00582115
-0.00593299
-0.00599438
-0.00598556
-0.00600177
-0.00611786
-0.00623123
-0.00625498
-0.00627244
-0.00635028
-0.00642805
-0.00645357
-0.00647934
-0.00653985
-0.00659191
-0.00662738
-0.00666927
-0.00670447
-0.00673078
-0.00676914
-0.0068022
-0.00682589
-0.00685884
-0.00689018
-0.00690887
-0.00692978
-0.006961
-0.00698507
-0.00700364
-0.00702569
-0.00704898
-0.00707119
-0.00709102
-0.007113
-0.00713434
-0.00715516
-0.00717706
-0.00719788
-0.00721998
-0.00724168
-0.00726338
-0.00728601
-0.00730808
-0.00733041
-0.0073531
-0.00737488
-0.00739733
-0.00741903
-0.00744364
-0.00747499
-0.00251139
-0.00194547
-0.001224
-0.000547302
-2.46942e-05
0.000301264
0.000422369
0.000363844
0.000162069
-0.000136096
-0.000478459
-0.000817978
-0.00112558
-0.00139712
-0.00163024
-0.00183315
-0.0020003
-0.00213745
-0.00225625
-0.00237435
-0.00253352
-0.0027462
-0.00300206
-0.00325515
-0.00346584
-0.00364553
-0.00381605
-0.00398861
-0.00414395
-0.00427305
-0.0043932
-0.00453763
-0.00470797
-0.00483767
-0.0048955
-0.00491142
-0.00493913
-0.005006
-0.00507609
-0.00513843
-0.00521478
-0.00527244
-0.00527795
-0.00527488
-0.00533384
-0.00546302
-0.00559715
-0.00565583
-0.00564825
-0.00568143
-0.00579172
-0.00591069
-0.00597411
-0.00596941
-0.00597832
-0.00608516
-0.00620798
-0.00623897
-0.00624587
-0.00632172
-0.00641188
-0.00643936
-0.00645729
-0.00651695
-0.00657263
-0.00660929
-0.00665334
-0.00669083
-0.00671538
-0.00675273
-0.00678904
-0.00681466
-0.00684687
-0.00687924
-0.00689984
-0.00692084
-0.00695218
-0.00697772
-0.00699729
-0.00701947
-0.00704329
-0.00706637
-0.00708675
-0.00710903
-0.00713079
-0.00715209
-0.00717439
-0.00719556
-0.00721797
-0.00723998
-0.00726198
-0.00728486
-0.00730715
-0.00732967
-0.0073525
-0.00737439
-0.00739694
-0.00741873
-0.00744343
-0.00747495
-0.0026173
-0.00206985
-0.00137192
-0.000715488
-0.000204173
0.000116816
0.000237978
0.000182097
-9.37489e-06
-0.000292432
-0.000618472
-0.000942286
-0.00123186
-0.00148191
-0.00169606
-0.00188485
-0.00204572
-0.00217553
-0.00228566
-0.00239032
-0.0025275
-0.00271748
-0.00295686
-0.00320753
-0.00341998
-0.00359384
-0.00374921
-0.00390701
-0.00405346
-0.00417629
-0.00428823
-0.00441926
-0.00459486
-0.00475185
-0.00483142
-0.00484905
-0.00485987
-0.00492391
-0.00501756
-0.00509668
-0.00517647
-0.00524645
-0.00525753
-0.00523885
-0.00529303
-0.00543099
-0.00556863
-0.00563461
-0.00562372
-0.00564016
-0.00575528
-0.00589028
-0.00595489
-0.00594843
-0.00595485
-0.00605439
-0.00618073
-0.0062209
-0.00622272
-0.00629239
-0.00639084
-0.00642388
-0.00643611
-0.00649425
-0.00655358
-0.00658967
-0.00663475
-0.00667701
-0.00670093
-0.00673526
-0.00677426
-0.00680321
-0.00683493
-0.00686763
-0.00689003
-0.00691136
-0.00694289
-0.00697
-0.00699071
-0.00701298
-0.00703722
-0.00706117
-0.00708217
-0.0071048
-0.00712702
-0.00714885
-0.00717154
-0.00719306
-0.00721581
-0.00723816
-0.00726045
-0.0072836
-0.00730611
-0.00732884
-0.00735183
-0.00737386
-0.00739651
-0.00741838
-0.00744317
-0.00747483
-0.00270654
-0.00217619
-0.00150317
-0.00087317
-0.00038053
-6.96592e-05
4.84026e-05
-5.93906e-06
-0.000189811
-0.00045728
-0.000764383
-0.00106893
-0.0013392
-0.00156704
-0.00176007
-0.00193193
-0.00208632
-0.00221525
-0.00232204
-0.00241884
-0.00253675
-0.00270096
-0.00291595
-0.00315628
-0.00337134
-0.00354496
-0.00369147
-0.00383696
-0.00397545
-0.00409143
-0.00419502
-0.00430997
-0.00447768
-0.00465648
-0.00476618
-0.00479802
-0.00479535
-0.00484115
-0.00494495
-0.00504411
-0.0051338
-0.00521794
-0.00524203
-0.00520884
-0.00524361
-0.0053889
-0.00553964
-0.00561465
-0.00560494
-0.00560129
-0.00570764
-0.00586378
-0.0059413
-0.00592738
-0.00592575
-0.00602428
-0.00615624
-0.00620139
-0.00619822
-0.00626149
-0.00636625
-0.00640822
-0.00641718
-0.00647117
-0.00653329
-0.00656914
-0.00661376
-0.00666208
-0.00668809
-0.0067181
-0.00675746
-0.00679057
-0.00682309
-0.00685565
-0.0068794
-0.00690138
-0.00693332
-0.00696193
-0.00698373
-0.00700607
-0.00703077
-0.00705569
-0.0070774
-0.00710039
-0.00712304
-0.00714537
-0.00716847
-0.00719038
-0.00721348
-0.00723619
-0.00725878
-0.00728221
-0.00730498
-0.00732791
-0.00735108
-0.00737324
-0.007396
-0.00741798
-0.00744286
-0.00747465
-0.00278196
-0.0022671
-0.00161856
-0.00101725
-0.000551133
-0.000257415
-0.000146581
-0.000199684
-0.000376835
-0.000629924
-0.000916568
-0.00119903
-0.00144781
-0.00165427
-0.00182532
-0.00197748
-0.00212147
-0.00225183
-0.00236244
-0.00245718
-0.00256087
-0.00270043
-0.00288643
-0.00310691
-0.00331903
-0.00349541
-0.00363943
-0.00377579
-0.00390812
-0.00401978
-0.00411646
-0.00421627
-0.00436368
-0.00454897
-0.00469201
-0.00475194
-0.00475043
-0.00476952
-0.00486015
-0.0049773
-0.00508697
-0.0051848
-0.00522651
-0.00519
-0.00519475
-0.00533178
-0.00550426
-0.0055981
-0.00559219
-0.00556792
-0.00565231
-0.00582397
-0.00593061
-0.00591507
-0.00589264
-0.00598835
-0.00613416
-0.00618239
-0.00617039
-0.00623066
-0.00634217
-0.00639037
-0.00639709
-0.00644784
-0.00651305
-0.00654927
-0.00659135
-0.00664449
-0.00667557
-0.00670243
-0.00673949
-0.00677581
-0.00681082
-0.00684404
-0.00686859
-0.00689084
-0.00692319
-0.00695334
-0.00697634
-0.00699882
-0.00702398
-0.00704991
-0.00707236
-0.00709572
-0.00711882
-0.00714171
-0.00716526
-0.00718756
-0.00721101
-0.00723407
-0.007257
-0.0072807
-0.00730374
-0.00732688
-0.00735024
-0.00737254
-0.00739541
-0.00741749
-0.00744246
-0.00747437
-0.00284068
-0.00234445
-0.0017219
-0.00114949
-0.000714012
-0.000444528
-0.000346202
-0.000399649
-0.00056882
-0.000808657
-0.00107488
-0.00133401
-0.00155924
-0.00174386
-0.00189353
-0.00202468
-0.00215486
-0.00228334
-0.00240164
-0.00250115
-0.00259726
-0.00271671
-0.00287353
-0.00306724
-0.003267
-0.00344367
-0.00358898
-0.00372058
-0.00384986
-0.00396095
-0.0040533
-0.00413973
-0.00426089
-0.00443587
-0.00460478
-0.00470188
-0.00471807
-0.00471772
-0.00477735
-0.00489903
-0.00503158
-0.0051424
-0.00520513
-0.00518232
-0.00515801
-0.00526653
-0.00545322
-0.00557766
-0.00558527
-0.00554481
-0.00559873
-0.00576864
-0.00591153
-0.00591584
-0.00586549
-0.00593901
-0.00610684
-0.00617263
-0.00614518
-0.00619473
-0.00631599
-0.00637215
-0.00637629
-0.00642462
-0.00649316
-0.00652995
-0.00656831
-0.00662409
-0.00666183
-0.00668851
-0.00672208
-0.00675923
-0.00679734
-0.00683275
-0.00685797
-0.00687959
-0.00691215
-0.00694428
-0.00696882
-0.00699136
-0.0070168
-0.00704371
-0.00706699
-0.0070908
-0.00711436
-0.00713786
-0.00716188
-0.0071846
-0.00720844
-0.00723186
-0.00725512
-0.00727909
-0.0073024
-0.00732575
-0.0073493
-0.00737176
-0.00739474
-0.00741693
-0.00744199
-0.00747395
-0.00287396
-0.00240429
-0.00181423
-0.001274
-0.000870645
-0.000630459
-0.000550165
-0.000607733
-0.000767858
-0.000992187
-0.00123745
-0.00147248
-0.0016738
-0.00183572
-0.00196593
-0.00207769
-0.00219209
-0.00231316
-0.00243566
-0.00254449
-0.00264062
-0.00274695
-0.00287835
-0.00304323
-0.00322208
-0.00339239
-0.00353933
-0.00366886
-0.00379725
-0.00391039
-0.00400268
-0.00408082
-0.00417757
-0.00432941
-0.00450498
-0.0046381
-0.00468692
-0.00468551
-0.0047148
-0.00481769
-0.00496132
-0.0050882
-0.00517599
-0.00518052
-0.00513849
-0.00520425
-0.0053848
-0.00554262
-0.00558258
-0.00553599
-0.00555342
-0.0057042
-0.00587385
-0.00591923
-0.00585609
-0.00588524
-0.00606491
-0.00616867
-0.00612865
-0.00615234
-0.00628472
-0.00635732
-0.00635634
-0.0063988
-0.0064727
-0.00651199
-0.00654568
-0.00660187
-0.00664598
-0.00667509
-0.00670651
-0.0067423
-0.00678187
-0.00682059
-0.00684781
-0.00686845
-0.0069005
-0.00693474
-0.00696121
-0.00698376
-0.00700922
-0.00703714
-0.00706137
-0.00708564
-0.00710958
-0.00713367
-0.00715821
-0.0071814
-0.00720566
-0.00722948
-0.00725313
-0.00727741
-0.00730102
-0.00732461
-0.00734834
-0.00737097
-0.00739407
-0.00741635
-0.00744151
-0.00747364
-0.00287285
-0.00243899
-0.00189322
-0.00139485
-0.00102726
-0.000818591
-0.0007597
-0.000824296
-0.000975433
-0.00117968
-0.00140141
-0.00161139
-0.00178993
-0.0019298
-0.00204207
-0.00213822
-0.00223692
-0.00234678
-0.00246667
-0.00258351
-0.00268502
-0.00278558
-0.00289822
-0.0030366
-0.00319196
-0.0033479
-0.00349237
-0.00361986
-0.00374699
-0.00386395
-0.00396105
-0.00403849
-0.0041164
-0.00423925
-0.00440235
-0.00455785
-0.00464676
-0.00466465
-0.00467764
-0.00474512
-0.00487978
-0.00502403
-0.00513545
-0.00517428
-0.00513422
-0.00515643
-0.00531016
-0.00548828
-0.00557351
-0.00553938
-0.00552168
-0.0056399
-0.00581745
-0.00591138
-0.00586689
-0.00584307
-0.0060016
-0.00615647
-0.00612943
-0.00611368
-0.00624276
-0.0063419
-0.00634087
-0.00637094
-0.00644997
-0.00649579
-0.0065244
-0.00657849
-0.00662808
-0.00666095
-0.00669229
-0.00672634
-0.00676488
-0.00680673
-0.00683813
-0.00685835
-0.00688849
-0.00692429
-0.00695334
-0.00697623
-0.00700146
-0.00703029
-0.00705559
-0.00708036
-0.00710465
-0.00712932
-0.00715437
-0.00717796
-0.0072026
-0.00722677
-0.00725078
-0.00727535
-0.00729924
-0.0073231
-0.00734703
-0.00736988
-0.00739312
-0.00741552
-0.00744076
-0.00747286
-0.00283071
-0.00244226
-0.00195555
-0.00151307
-0.00118947
-0.00101366
-0.000976191
-0.00104768
-0.00118995
-0.00137092
-0.00156488
-0.0017472
-0.00190316
-0.00202389
-0.00212023
-0.0022046
-0.0022906
-0.00238935
-0.00250065
-0.00261852
-0.00272553
-0.00282528
-0.00292786
-0.00304529
-0.00317885
-0.00331614
-0.00345159
-0.00357591
-0.00369934
-0.00381977
-0.00392378
-0.004007
-0.00407542
-0.00417128
-0.00431003
-0.00446828
-0.00459195
-0.00464218
-0.00465753
-0.00469474
-0.00480159
-0.00495262
-0.00508227
-0.00515416
-0.00513763
-0.00513014
-0.00524327
-0.00541883
-0.00554456
-0.00554705
-0.00550798
-0.00558517
-0.00575306
-0.00588182
-0.00588143
-0.00582668
-0.0059316
-0.0061225
-0.00614055
-0.00608974
-0.00619144
-0.00631954
-0.00633228
-0.00634495
-0.006423
-0.00648022
-0.00650585
-0.00655481
-0.00660875
-0.00664568
-0.00667817
-0.00671189
-0.00674802
-0.00679112
-0.00682798
-0.00684922
-0.00687641
-0.00691288
-0.00694529
-0.00696915
-0.00699382
-0.00702328
-0.00704981
-0.00707524
-0.00709987
-0.00712509
-0.00715073
-0.00717478
-0.00719986
-0.00722439
-0.0072488
-0.00727367
-0.00729783
-0.00732193
-0.00734604
-0.00736904
-0.0073924
-0.00741488
-0.00744023
-0.00747252
-0.00275462
-0.00242068
-0.00200566
-0.00163183
-0.00136255
-0.00122225
-0.00120378
-0.00127784
-0.00140829
-0.00156369
-0.00172566
-0.00187768
-0.00200998
-0.00211511
-0.00219912
-0.00227479
-0.00235203
-0.00244118
-0.00254152
-0.00265278
-0.00276131
-0.00286149
-0.0029594
-0.00306287
-0.00317915
-0.0032991
-0.00342126
-0.00353947
-0.00365635
-0.00377688
-0.00388636
-0.00397818
-0.0040483
-0.00412497
-0.00423769
-0.00438164
-0.0045233
-0.00460822
-0.00464146
-0.00466693
-0.00474101
-0.00487899
-0.00501847
-0.00511761
-0.00513923
-0.00512235
-0.0051919
-0.00534645
-0.00549447
-0.00554598
-0.0055107
-0.00554592
-0.00568932
-0.00583318
-0.00588293
-0.00583491
-0.00587509
-0.00606253
-0.006144
-0.00608734
-0.00614201
-0.00628407
-0.00632554
-0.00632517
-0.0063928
-0.00646271
-0.00649041
-0.00653175
-0.00658781
-0.00662929
-0.00666342
-0.00669858
-0.00673223
-0.00677344
-0.00681549
-0.00684049
-0.00686484
-0.00690012
-0.00693582
-0.00696153
-0.00698553
-0.00701518
-0.007043
-0.00706925
-0.00709421
-0.00711992
-0.00714616
-0.00717069
-0.00719621
-0.00722115
-0.00724597
-0.0072712
-0.00729566
-0.00732009
-0.00734442
-0.00736765
-0.00739118
-0.00741379
-0.00743921
-0.00747147
-0.00263901
-0.0023751
-0.00204854
-0.00175865
-0.00155587
-0.00145598
-0.00145286
-0.00152177
-0.00163312
-0.00175947
-0.00188659
-0.00200656
-0.00211423
-0.002206
-0.00228183
-0.00235175
-0.00242328
-0.00250418
-0.00259481
-0.00269516
-0.00279887
-0.00289727
-0.00299229
-0.00308766
-0.00319081
-0.00329739
-0.00340556
-0.00351469
-0.00362351
-0.00373925
-0.00385071
-0.00395008
-0.00402885
-0.00409714
-0.00418855
-0.00431043
-0.00445051
-0.00456173
-0.00462098
-0.00465397
-0.00470359
-0.00481322
-0.00495194
-0.00506981
-0.00512873
-0.00512402
-0.00516073
-0.00528546
-0.00543361
-0.0055264
-0.0055204
-0.00552576
-0.00563592
-0.00577786
-0.00586469
-0.00585302
-0.00584881
-0.00599398
-0.00612743
-0.00610103
-0.00610899
-0.00623869
-0.0063149
-0.00631513
-0.00636437
-0.00644226
-0.00647874
-0.00651263
-0.00656739
-0.00661398
-0.00664965
-0.00668702
-0.00672029
-0.00675754
-0.0068024
-0.00683357
-0.00685663
-0.00688865
-0.00692663
-0.00695536
-0.00697914
-0.00700839
-0.00703725
-0.00706447
-0.00708974
-0.00711579
-0.00714254
-0.00716751
-0.00719339
-0.00721865
-0.00724378
-0.00726932
-0.00729401
-0.00731867
-0.00734319
-0.00736656
-0.00739024
-0.00741293
-0.00743846
-0.00747082
-0.00237517
-0.00220914
-0.00201126
-0.00184075
-0.00172801
-0.00168058
-0.00169393
-0.0017536
-0.00184169
-0.00193975
-0.00203638
-0.00212782
-0.00221246
-0.00229031
-0.00235955
-0.00242587
-0.00249431
-0.00256973
-0.00265322
-0.00274336
-0.00283853
-0.00293194
-0.00302303
-0.00311304
-0.00320677
-0.00330466
-0.00340251
-0.00350231
-0.00360262
-0.00370918
-0.00381866
-0.0039216
-0.00400942
-0.0040804
-0.00415827
-0.00425835
-0.00438367
-0.00450646
-0.00459082
-0.00464146
-0.00468355
-0.00476427
-0.00488894
-0.00501172
-0.00509851
-0.00512499
-0.00514846
-0.00523798
-0.00536787
-0.00548342
-0.00552169
-0.00552239
-0.00559491
-0.00571979
-0.0058247
-0.00585856
-0.00584651
-0.00593187
-0.00608109
-0.00610942
-0.00609559
-0.00618944
-0.0062901
-0.00630873
-0.00633989
-0.00641509
-0.00646468
-0.00649591
-0.00654541
-0.00659592
-0.00663334
-0.00667247
-0.00670826
-0.00674194
-0.00678547
-0.00682292
-0.00684831
-0.00687673
-0.00691478
-0.00694702
-0.00697178
-0.00700033
-0.00702982
-0.0070583
-0.0070842
-0.00711061
-0.00713793
-0.00716346
-0.00718983
-0.00721549
-0.00724102
-0.00726694
-0.00729196
-0.00731693
-0.0073417
-0.00736527
-0.00738912
-0.00741192
-0.00743756
-0.0074701
-0.00237563
-0.00223771
-0.00207435
-0.0019413
-0.00186504
-0.00184739
-0.00187724
-0.00193823
-0.00201416
-0.00209272
-0.00216645
-0.00223488
-0.00229993
-0.00236445
-0.00242819
-0.00249227
-0.00255917
-0.00263134
-0.00270959
-0.00279187
-0.00287781
-0.00296466
-0.00305089
-0.0031372
-0.0032257
-0.00331816
-0.00341028
-0.00350272
-0.00359517
-0.00369158
-0.00379465
-0.00389731
-0.00399321
-0.00407366
-0.004148
-0.00423295
-0.00433719
-0.00445463
-0.00455624
-0.004629
-0.00468199
-0.00474483
-0.00484372
-0.00495828
-0.00506152
-0.00512385
-0.00515438
-0.00521605
-0.00531982
-0.00543554
-0.00551248
-0.00553397
-0.00557837
-0.00567633
-0.00578164
-0.00585179
-0.00586407
-0.00590296
-0.00602758
-0.00610563
-0.00610462
-0.00615722
-0.00625774
-0.00630425
-0.00632885
-0.00639111
-0.00645059
-0.00648618
-0.00652901
-0.00658036
-0.00662063
-0.0066601
-0.00669881
-0.00673169
-0.00677134
-0.00681177
-0.00684216
-0.00686876
-0.00690443
-0.00693901
-0.00696588
-0.00699381
-0.00702298
-0.00705245
-0.00707903
-0.00710558
-0.00713318
-0.00715915
-0.00718591
-0.00721189
-0.00723773
-0.007264
-0.00728931
-0.00731456
-0.00733958
-0.00736337
-0.00738742
-0.00741038
-0.00743604
-0.00746845
-0.00206213
-0.00203112
-0.00200769
-0.0020011
-0.00201449
-0.0020454
-0.00208768
-0.00213579
-0.00218578
-0.00223556
-0.00228348
-0.00233084
-0.00238004
-0.00243373
-0.00249226
-0.00255428
-0.00261963
-0.00268842
-0.00276109
-0.00283666
-0.00291434
-0.00299366
-0.00307339
-0.00315467
-0.00323793
-0.00332501
-0.00341381
-0.00350225
-0.00358996
-0.00367814
-0.00377133
-0.00386848
-0.00396607
-0.00405617
-0.00413643
-0.00421536
-0.00430245
-0.0044046
-0.00450945
-0.00460011
-0.00467232
-0.00473356
-0.00481055
-0.00490896
-0.00501272
-0.00509981
-0.00515371
-0.00520553
-0.00528408
-0.00538457
-0.00548084
-0.00553486
-0.00557227
-0.00564301
-0.00573738
-0.00582442
-0.00586919
-0.00589526
-0.00597881
-0.00607747
-0.0061115
-0.0061421
-0.00622171
-0.00628894
-0.00632298
-0.00637134
-0.00643151
-0.0064764
-0.00651612
-0.00656506
-0.00660881
-0.00664866
-0.00668931
-0.00672467
-0.00676067
-0.00680046
-0.00683665
-0.00686425
-0.00689631
-0.00693165
-0.00696167
-0.00698977
-0.0070181
-0.00704835
-0.00707595
-0.00710276
-0.00713056
-0.00715695
-0.0071841
-0.00721033
-0.00723641
-0.0072629
-0.00728838
-0.00731378
-0.00733892
-0.00736278
-0.00738689
-0.00740988
-0.00743565
-0.0074683
-0.00192459
-0.00195604
-0.00201503
-0.00208557
-0.00215587
-0.0022186
-0.00227008
-0.00231028
-0.00234199
-0.00237005
-0.00239889
-0.00243209
-0.00247179
-0.00251911
-0.00257349
-0.00263294
-0.00269566
-0.0027609
-0.00282884
-0.00289938
-0.0029716
-0.00304526
-0.00311961
-0.00319521
-0.00327268
-0.00335398
-0.00343879
-0.00352474
-0.00360998
-0.0036935
-0.00377839
-0.00386738
-0.00396059
-0.00405354
-0.00413955
-0.0042189
-0.00429832
-0.00438683
-0.00448566
-0.00458254
-0.00466584
-0.00473316
-0.00480144
-0.00488677
-0.00498554
-0.00508098
-0.0051506
-0.00520241
-0.00526768
-0.00535773
-0.00545609
-0.00552851
-0.00557088
-0.00562603
-0.00570903
-0.00579806
-0.00586238
-0.00589488
-0.0059514
-0.00604409
-0.00610746
-0.00613697
-0.00619376
-0.00626709
-0.00631551
-0.00635629
-0.00641054
-0.0064629
-0.00650376
-0.0065484
-0.00659352
-0.00663448
-0.00667498
-0.00671292
-0.00674822
-0.0067851
-0.00682403
-0.00685511
-0.00688538
-0.00691957
-0.00695203
-0.0069816
-0.0070094
-0.00703988
-0.00706856
-0.00709593
-0.00712398
-0.00715082
-0.00717849
-0.00720518
-0.00723164
-0.00725858
-0.00728447
-0.00731025
-0.00733577
-0.00735995
-0.00738433
-0.00740752
-0.00743332
-0.00746584
)
;

boundaryField
{
    zeroGradientPlanes
    {
        type            zeroGradient;
    }
    inlet
    {
        type            zeroGradient;
    }
    plate
    {
        type            zeroGradient;
    }
    frontAndBack
    {
        type            empty;
    }
}


// ************************************************************************* //
