/*--------------------------------*- C++ -*----------------------------------*\
  =========                 |
  \\      /  F ield         | OpenFOAM: The Open Source CFD Toolbox
   \\    /   O peration     | Website:  https://openfoam.org
    \\  /    A nd           | Version:  10
     \\/     M anipulation  |
\*---------------------------------------------------------------------------*/
FoamFile
{
    format      ascii;
    class       volScalarField;
    location    "0.1";
    object      p;
}
// * * * * * * * * * * * * * * * * * * * * * * * * * * * * * * * * * * * * * //

dimensions      [0 2 -2 0 0 0 0];

internalField   nonuniform List<scalar> 
4800
(
7.63772e-11
0.00156004
0.00133328
0.000824166
0.00164433
0.00115683
0.00132723
0.00193133
0.00178349
0.00175744
0.00237351
0.00259551
0.00253806
0.002838
0.00349626
0.00388145
0.00408034
0.00455546
0.00522124
0.00597474
1.3535e-05
0.00154914
0.00134073
0.000827112
0.00164532
0.00115296
0.00133114
0.00193111
0.00178772
0.00175199
0.00237308
0.00259263
0.00254242
0.00283425
0.00350188
0.0038782
0.00406237
0.00450386
0.00509364
0.00564587
2.63867e-05
0.00154322
0.00134183
0.00082531
0.00164814
0.00115668
0.00133174
0.00192804
0.00179159
0.00175044
0.00237071
0.00259557
0.00254
0.0028333
0.00349646
0.00387264
0.00402902
0.00441803
0.00494434
0.00539268
4.51549e-05
0.00153528
0.00134503
0.000824757
0.00165368
0.00115864
0.0013317
0.00192821
0.00179504
0.00175016
0.00236056
0.00260557
0.00253062
0.00284063
0.00346688
0.00385642
0.00398412
0.00430825
0.00479357
0.00518495
6.50033e-05
0.00152503
0.00134723
0.000822258
0.00165906
0.0011632
0.0013304
0.00192747
0.00179584
0.00175352
0.0023477
0.00261822
0.00251715
0.0028397
0.00345436
0.00381855
0.00392838
0.00419913
0.00464371
0.00498476
8.76518e-05
0.00151222
0.00135109
0.000820432
0.0016639
0.00116824
0.00132567
0.00193135
0.0017928
0.0017591
0.00232908
0.00263169
0.00250802
0.00282623
0.00345008
0.00376364
0.00385435
0.00409034
0.00448909
0.00479176
0.000112415
0.00149591
0.0013581
0.000817485
0.00166684
0.00117663
0.00131807
0.00193793
0.00178423
0.0017673
0.00231034
0.00263873
0.002507
0.00279454
0.00344288
0.00371389
0.00375917
0.00397403
0.00434303
0.00461334
0.00013958
0.00147677
0.00136525
0.000814534
0.00166826
0.00118789
0.00130512
0.00194853
0.00177316
0.00177435
0.00229455
0.00263152
0.00251461
0.00275346
0.00341256
0.00367284
0.00365133
0.00384032
0.00420243
0.0044447
0.000169672
0.00145373
0.00137415
0.000812616
0.00166555
0.00120407
0.00128749
0.00196201
0.00176008
0.0017751
0.00228747
0.00260939
0.00252437
0.00271459
0.00335115
0.00363281
0.00355437
0.00369168
0.00405351
0.0042862
0.000202535
0.00142698
0.00138432
0.000811326
0.00165867
0.00122689
0.00126352
0.00197564
0.00175161
0.00176567
0.00228969
0.00257344
0.00252387
0.00268714
0.00326224
0.00357006
0.00347193
0.00354152
0.00388781
0.00413249
0.000238495
0.00139647
0.00139468
0.000812651
0.00164604
0.00125572
0.00123476
0.00198747
0.00175052
0.00174126
0.00229749
0.00254086
0.00250207
0.00266891
0.00317043
0.00347682
0.00339282
0.00341033
0.00371539
0.00396625
0.000277562
0.00136233
0.0014048
0.000817373
0.00162585
0.00129179
0.00120299
0.00199172
0.00176357
0.00170283
0.00230257
0.00251991
0.00245288
0.00265036
0.00309956
0.00336073
0.0032921
0.00329372
0.00355447
0.0037909
0.000319682
0.00132503
0.00141349
0.00082652
0.00159782
0.00133375
0.00117093
0.00198723
0.00179185
0.001654
0.0022924
0.0025182
0.00238595
0.00260306
0.00304649
0.00324577
0.00316404
0.00317274
0.00341318
0.00362276
0.000364718
0.00128516
0.00141946
0.000841406
0.00156137
0.00137931
0.00114356
0.00196237
0.00183378
0.00160396
0.0022568
0.00253213
0.00231887
0.00251719
0.00299667
0.00315846
0.00302057
0.00302209
0.0032764
0.00348036
0.000412334
0.00124367
0.00142144
0.000862612
0.00151701
0.00142524
0.00112558
0.00191768
0.00188351
0.00156516
0.00218929
0.00255074
0.00227937
0.00239607
0.0029177
0.00309672
0.00288997
0.00284339
0.00311504
0.00335317
0.000462047
0.00120172
0.00141816
0.000890262
0.00146622
0.00146709
0.00112089
0.00185322
0.0019305
0.0015479
0.00209115
0.0025533
0.00227021
0.00225846
0.00279013
0.00304471
0.00279986
0.00265743
0.00290972
0.00321147
0.000513187
0.00116067
0.00140864
0.000923708
0.00141134
0.00150015
0.00113113
0.00177132
0.00196408
0.00155647
0.00197242
0.00252013
0.00228828
0.00213915
0.00261841
0.00296828
0.00274673
0.00249875
0.00267534
0.00302057
0.000564922
0.00112188
0.00139228
0.000961518
0.00135574
0.00152025
0.00115562
0.00165523
0.00197423
0.00158853
0.00185294
0.00244275
0.00231439
0.00205895
0.00241811
0.00284024
0.00270984
0.00239126
0.00244334
0.00277585
0.000616308
0.00108659
0.00136901
0.00100154
0.00130316
0.00152484
0.00119318
0.00157306
0.00195619
0.00163455
0.00175119
0.00232321
0.00232151
0.00201809
0.00222208
0.00266036
0.00265288
0.00232629
0.00225061
0.00250701
0.000666337
0.00105823
0.00133945
0.00104106
0.00125697
0.00151316
0.00123808
0.00149949
0.00190816
0.00168056
0.00167751
0.00217311
0.00228939
0.00200587
0.00206003
0.00244576
0.00254928
0.00228027
0.00211091
0.00225279
0.000713939
0.0010328
0.00130475
0.00107702
0.00121938
0.00148657
0.00128244
0.00143995
0.00183426
0.00171117
0.00163134
0.00201503
0.00221289
0.00199863
0.00194071
0.00222395
0.00239566
0.00222051
0.00201058
0.00204189
0.000758137
0.00101285
0.00126661
0.00110666
0.00119173
0.00144831
0.00131704
0.00139591
0.00174383
0.00171579
0.00160623
0.0018693
0.00209867
0.00197159
0.00185547
0.00202319
0.00220701
0.00212592
0.00192777
0.00187624
0.000798072
0.000998168
0.001227
0.00112796
0.00117232
0.00140225
0.00133798
0.0013658
0.0016484
0.0016916
0.00158904
0.00174518
0.00196005
0.00191229
0.00178802
0.00185633
0.00200619
0.00199338
0.00183888
0.00174277
0.000833076
0.000988017
0.00118784
0.00113947
0.00115901
0.00135265
0.00134228
0.00134499
0.00155741
0.00164142
0.00156632
0.00164244
0.00181426
0.00182169
0.00171901
0.00171898
0.00181469
0.00183413
0.00173045
0.00162453
0.000862688
0.000981374
0.00115067
0.0011414
0.00115062
0.00130356
0.00132998
0.00132577
0.0014749
0.00157152
0.00152939
0.00155522
0.00167438
0.00170808
0.00163631
0.00160041
0.00164278
0.00166473
0.00160123
0.00150677
0.000886699
0.000976959
0.00111646
0.00113411
0.00114081
0.001257
0.00130338
0.00130237
0.00140077
0.0014901
0.00147562
0.00147569
0.001546
0.00158207
0.00153703
0.00148898
0.00149058
0.0014987
0.00145809
0.00138185
0.000905087
0.000973454
0.0010855
0.0011191
0.00112807
0.00121326
0.00126585
0.00127149
0.00133287
0.00140422
0.00140674
0.00139644
0.00142867
0.00145326
0.00142462
0.00137701
0.00135344
0.00134304
0.00131016
0.00124939
0.000917961
0.000969639
0.00105752
0.00109811
0.00111089
0.00117155
0.00122091
0.001232
0.00126812
0.00131802
0.00132656
0.00131309
0.0013192
0.00132746
0.00130503
0.00126166
0.00122524
0.00119904
0.00116491
0.00111352
0.000925567
0.000964544
0.00103188
0.00107278
0.00108852
0.0011306
0.00117128
0.00118424
0.00120366
0.00123323
0.0012396
0.00122467
0.00121438
0.00120708
0.00118371
0.0011436
0.00110177
0.00106503
0.00102651
0.000979145
0.000928189
0.000957337
0.00100762
0.00104432
0.00106085
0.00108908
0.00111874
0.00112967
0.00113765
0.0011501
0.00114964
0.00113231
0.00111193
0.00109228
0.00106442
0.0010252
0.000981423
0.000938842
0.000896206
0.000849809
0.000926053
0.00094745
0.000983761
0.0010136
0.00102843
0.00104603
0.00106434
0.00107022
0.0010694
0.00106827
0.00105923
0.001038
0.00101099
0.000982415
0.000949242
0.000909036
0.000864417
0.000819088
0.000773837
0.000727367
0.000919507
0.000934567
0.00095944
0.000981196
0.000992116
0.00100099
0.00100868
0.00100769
0.000999232
0.000987466
0.000969898
0.000943818
0.000911828
0.000877028
0.00083914
0.000797075
0.000751795
0.000705378
0.00065897
0.000612503
0.000908983
0.000918702
0.000934096
0.000947478
0.000952917
0.000954039
0.00095221
0.000943655
0.000928072
0.000907824
0.000882701
0.000851523
0.000815347
0.000776146
0.000734607
0.000690626
0.000644706
0.000597991
0.000551427
0.000505384
0.000894891
0.000900045
0.000907474
0.000912769
0.000911835
0.000905728
0.00089546
0.000879413
0.00085714
0.000829949
0.000798456
0.000762496
0.000722678
0.000680248
0.000636073
0.000590545
0.000544116
0.000497488
0.00045134
0.000406101
0.000877786
0.000878996
0.000879659
0.000877467
0.000869884
0.000856927
0.00083919
0.000816172
0.000787736
0.000754744
0.000717995
0.00067787
0.000634934
0.000590062
0.000544051
0.00049746
0.000450759
0.000404453
0.000359022
0.000314827
0.000858402
0.000856204
0.000851086
0.000842158
0.000828103
0.000808729
0.000784394
0.000755151
0.00072122
0.000683333
0.000642289
0.000598707
0.000553195
0.000506457
0.000459184
0.000411943
0.000365202
0.000319373
0.000274807
0.000231768
0.000837698
0.000832567
0.00082253
0.000807693
0.000787662
0.000762429
0.000732336
0.000697713
0.000659016
0.000616987
0.000572425
0.000526038
0.000478463
0.00043032
0.000382194
0.000334591
0.000287941
0.000242604
0.000198872
0.000156945
0.000816947
0.000809367
0.00079522
0.000775354
0.000750052
0.000719669
0.000684712
0.000645675
0.000603105
0.000557717
0.000510321
0.000461684
0.000412474
0.000363274
0.000314595
0.000266868
0.000220436
0.000175563
0.000132447
9.12379e-05
0.000797264
0.000788038
0.000770968
0.000747418
0.000718162
0.000683908
0.00064535
0.000603066
0.000557642
0.000509812
0.000460412
0.000410228
0.000359927
0.000310059
0.000261089
0.000213411
0.000167338
0.000123104
8.0865e-05
4.07151e-05
0.000777985
0.000766061
0.000745161
0.000717075
0.000683172
0.000644604
0.000602148
0.000556313
0.000507677
0.000457047
0.000405321
0.000353296
0.000301597
0.000250711
0.000201043
0.000152932
0.000106646
6.23821e-05
2.02681e-05
-1.96297e-05
0.00663884
0.00639308
0.00558306
0.00498789
0.00457695
0.00393491
0.00319037
0.00268952
0.00231655
0.00197032
0.00166883
0.0013412
0.00105609
0.000741212
0.000217927
-0.000315601
-0.000791831
-0.00151
-0.00235533
-0.00299894
-0.00376473
-0.00500555
-0.00611706
-0.00622615
-0.00538163
-0.0043503
-0.00367647
-0.00337101
-0.0032147
-0.00308535
-0.00297237
-0.00287743
-0.00279972
-0.00274028
-0.00270227
-0.00268628
-0.0026888
-0.00270474
-0.00272975
-0.00276057
-0.00279544
-0.00283302
-0.00287328
-0.00291621
-0.00296171
-0.00300972
-0.00306019
-0.00311306
-0.00316823
-0.00322565
-0.00328522
-0.00334688
-0.00341057
-0.00347623
-0.00354381
-0.00361327
-0.00368458
-0.00375772
-0.00383265
-0.00390935
-0.0039878
-0.004068
-0.00414995
-0.00423365
-0.00431911
-0.00440632
-0.00449528
-0.004586
-0.0046785
-0.00477281
-0.00486894
-0.0049669
-0.00506673
-0.00516844
-0.00527206
-0.00537762
-0.00548514
-0.00559466
-0.00570619
-0.00581981
-0.00593546
-0.00605335
-0.00617319
-0.00629561
-0.00641959
-0.00654696
-0.0066749
-0.00680773
-0.00693949
-0.00707785
-0.00721426
-0.00735632
-0.00750033
-0.00764163
-0.00779502
-0.00793345
-0.0080837
-0.00822329
-0.00833718
-0.00844469
0.00601046
0.00599815
0.00547541
0.00496753
0.00455661
0.00389919
0.00314796
0.00265658
0.00229277
0.00194586
0.00164133
0.00131493
0.00103587
0.000724241
0.000199715
-0.00033008
-0.000800395
-0.00151889
-0.0023598
-0.00298457
-0.00372517
-0.00495274
-0.00606759
-0.0061865
-0.00534955
-0.00433249
-0.00367023
-0.00336802
-0.00321196
-0.00308331
-0.00297189
-0.00287795
-0.00280078
-0.00274139
-0.00270312
-0.00268671
-0.00268886
-0.00270459
-0.00272954
-0.00276038
-0.00279531
-0.00283294
-0.00287324
-0.00291619
-0.0029617
-0.00300972
-0.00306019
-0.00311305
-0.00316823
-0.00322564
-0.00328521
-0.00334687
-0.00341056
-0.00347623
-0.00354381
-0.00361327
-0.00368458
-0.00375772
-0.00383265
-0.00390935
-0.0039878
-0.004068
-0.00414995
-0.00423365
-0.00431911
-0.00440632
-0.00449528
-0.004586
-0.0046785
-0.00477281
-0.00486894
-0.0049669
-0.00506673
-0.00516844
-0.00527206
-0.00537762
-0.00548514
-0.00559466
-0.00570619
-0.00581981
-0.00593546
-0.00605335
-0.00617319
-0.00629561
-0.00641959
-0.00654696
-0.0066749
-0.00680773
-0.00693949
-0.00707785
-0.00721426
-0.00735632
-0.00750034
-0.00764161
-0.00779502
-0.00793347
-0.00808371
-0.00822332
-0.00833729
-0.00844478
0.00569048
0.00575326
0.00541515
0.00499969
0.00458434
0.00389573
0.00311622
0.00262501
0.00228274
0.0019269
0.00160233
0.00128701
0.00101614
0.00069831
0.00018095
-0.000343484
-0.000818595
-0.00152729
-0.00234712
-0.00295536
-0.0036603
-0.0048128
-0.00585825
-0.00597667
-0.00520505
-0.00426645
-0.00366225
-0.00337273
-0.00321869
-0.00308677
-0.00297371
-0.00287941
-0.00280239
-0.00274322
-0.00270512
-0.00268872
-0.00269067
-0.00270604
-0.00273058
-0.00276104
-0.0027957
-0.00283313
-0.00287332
-0.00291622
-0.0029617
-0.00300971
-0.00306017
-0.00311304
-0.00316821
-0.00322563
-0.0032852
-0.00334687
-0.00341055
-0.00347622
-0.0035438
-0.00361326
-0.00368458
-0.00375771
-0.00383264
-0.00390934
-0.0039878
-0.00406799
-0.00414995
-0.00423365
-0.00431911
-0.00440632
-0.00449528
-0.004586
-0.0046785
-0.00477281
-0.00486894
-0.0049669
-0.00506673
-0.00516844
-0.00527206
-0.00537762
-0.00548514
-0.00559466
-0.00570619
-0.00581981
-0.00593546
-0.00605335
-0.00617319
-0.00629561
-0.00641959
-0.00654696
-0.0066749
-0.00680773
-0.00693949
-0.00707785
-0.00721426
-0.00735632
-0.00750033
-0.00764164
-0.00779502
-0.00793351
-0.00808373
-0.00822334
-0.00833755
-0.00844498
0.00541884
0.00548987
0.00525524
0.00493281
0.00455706
0.00387342
0.00307652
0.00258507
0.00225489
0.00188397
0.00155082
0.00125228
0.000983938
0.000665692
0.000160074
-0.000366562
-0.000842321
-0.00152663
-0.00232654
-0.00292684
-0.00358397
-0.00464111
-0.005627
-0.00577861
-0.00510582
-0.00424546
-0.00366689
-0.00337861
-0.00322015
-0.0030849
-0.00297127
-0.00287833
-0.00280328
-0.00274577
-0.00270851
-0.00269206
-0.0026934
-0.00270795
-0.00273178
-0.00276171
-0.00279605
-0.00283328
-0.00287336
-0.00291621
-0.00296168
-0.00300967
-0.00306014
-0.00311301
-0.00316819
-0.0032256
-0.00328518
-0.00334684
-0.00341054
-0.0034762
-0.00354379
-0.00361325
-0.00368457
-0.0037577
-0.00383264
-0.00390934
-0.00398779
-0.00406799
-0.00414994
-0.00423365
-0.00431911
-0.00440632
-0.00449527
-0.00458599
-0.0046785
-0.00477281
-0.00486894
-0.0049669
-0.00506673
-0.00516844
-0.00527206
-0.00537762
-0.00548514
-0.00559466
-0.00570619
-0.00581981
-0.00593546
-0.00605335
-0.00617318
-0.00629561
-0.00641959
-0.00654696
-0.0066749
-0.00680773
-0.00693949
-0.00707785
-0.00721426
-0.00735633
-0.00750034
-0.00764166
-0.00779502
-0.00793357
-0.00808377
-0.00822337
-0.00833781
-0.00844518
0.00516118
0.005225
0.00506971
0.00483169
0.00451156
0.00385364
0.00305199
0.00254854
0.00221891
0.00184227
0.00150193
0.0012117
0.000953703
0.000641269
0.000138356
-0.000389863
-0.000854571
-0.00151696
-0.00230586
-0.00288941
-0.0034853
-0.00445786
-0.00540211
-0.00558103
-0.00496626
-0.00416387
-0.0036323
-0.00336936
-0.00321028
-0.00307925
-0.00296728
-0.00287637
-0.00280332
-0.00274732
-0.00271082
-0.00269447
-0.00269543
-0.00270944
-0.00273275
-0.00276226
-0.00279633
-0.00283336
-0.00287336
-0.00291618
-0.00296163
-0.00300962
-0.00306009
-0.00311295
-0.00316814
-0.00322556
-0.00328514
-0.00334681
-0.00341051
-0.00347618
-0.00354377
-0.00361323
-0.00368455
-0.00375769
-0.00383262
-0.00390933
-0.00398778
-0.00406798
-0.00414993
-0.00423364
-0.0043191
-0.00440631
-0.00449527
-0.00458599
-0.0046785
-0.0047728
-0.00486893
-0.0049669
-0.00506673
-0.00516844
-0.00527206
-0.00537762
-0.00548514
-0.00559466
-0.00570619
-0.00581981
-0.00593546
-0.00605335
-0.00617318
-0.00629561
-0.00641959
-0.00654696
-0.0066749
-0.00680773
-0.00693949
-0.00707785
-0.00721426
-0.00735633
-0.00750033
-0.00764169
-0.00779502
-0.00793364
-0.00808383
-0.0082234
-0.00833805
-0.00844537
0.0049243
0.00497391
0.00487572
0.00470277
0.00443374
0.00381906
0.00303244
0.00251931
0.00219357
0.00180805
0.00144489
0.00116341
0.000924766
0.000613506
0.000114691
-0.000403261
-0.000862172
-0.00151285
-0.00228061
-0.00283457
-0.00338038
-0.00428872
-0.00518445
-0.00536775
-0.00481958
-0.00410674
-0.0036265
-0.00337199
-0.0032102
-0.00307544
-0.00296418
-0.00287503
-0.00280409
-0.00274986
-0.00271437
-0.00269817
-0.00269863
-0.00271183
-0.00273437
-0.00276322
-0.00279689
-0.00283355
-0.00287338
-0.00291613
-0.00296154
-0.00300953
-0.00306
-0.00311288
-0.00316807
-0.0032255
-0.00328509
-0.00334676
-0.00341047
-0.00347614
-0.00354373
-0.0036132
-0.00368452
-0.00375767
-0.00383261
-0.00390931
-0.00398777
-0.00406797
-0.00414992
-0.00423363
-0.0043191
-0.0044063
-0.00449526
-0.00458599
-0.00467849
-0.0047728
-0.00486893
-0.0049669
-0.00506673
-0.00516844
-0.00527206
-0.00537762
-0.00548514
-0.00559466
-0.00570619
-0.00581981
-0.00593546
-0.00605335
-0.00617318
-0.00629561
-0.00641959
-0.00654696
-0.0066749
-0.00680773
-0.00693949
-0.00707786
-0.00721426
-0.00735634
-0.00750033
-0.00764172
-0.00779503
-0.00793371
-0.0080839
-0.00822343
-0.00833828
-0.00844555
0.00470281
0.00472733
0.00466768
0.00455078
0.00433317
0.00377105
0.00301165
0.00250252
0.00217507
0.0017635
0.00138081
0.00111517
0.000887016
0.000579528
0.000101656
-0.000411164
-0.000879733
-0.00150825
-0.00223793
-0.00277318
-0.00329156
-0.00412715
-0.00495217
-0.00514583
-0.00468063
-0.00404206
-0.00359424
-0.00335261
-0.00319627
-0.0030641
-0.0029577
-0.0028712
-0.00280263
-0.00275018
-0.00271569
-0.00269976
-0.0027
-0.00271277
-0.00273492
-0.00276341
-0.00279693
-0.00283325
-0.00287327
-0.002916
-0.00296141
-0.00300939
-0.00305988
-0.00311276
-0.00316797
-0.00322541
-0.00328501
-0.0033467
-0.00341041
-0.00347609
-0.00354369
-0.00361317
-0.00368449
-0.00375764
-0.00383258
-0.00390929
-0.00398775
-0.00406795
-0.00414991
-0.00423362
-0.00431909
-0.0044063
-0.00449526
-0.00458598
-0.00467849
-0.0047728
-0.00486893
-0.0049669
-0.00506673
-0.00516844
-0.00527206
-0.00537762
-0.00548514
-0.00559466
-0.00570619
-0.00581981
-0.00593546
-0.00605335
-0.00617318
-0.00629561
-0.00641959
-0.00654696
-0.0066749
-0.00680773
-0.00693949
-0.00707786
-0.00721426
-0.00735635
-0.00750033
-0.00764175
-0.00779505
-0.00793378
-0.00808399
-0.00822345
-0.00833848
-0.00844572
0.00449139
0.0044903
0.00445616
0.00438607
0.004218
0.00370516
0.00297541
0.00248048
0.0021536
0.00172282
0.00132426
0.0010611
0.000837421
0.0005466
9.227e-05
-0.000424694
-0.000896516
-0.00148864
-0.00218784
-0.00272455
-0.00320781
-0.00394873
-0.00471079
-0.00493297
-0.00453917
-0.00396307
-0.00355827
-0.0033392
-0.00318995
-0.00306226
-0.00295182
-0.00286766
-0.00280171
-0.00275146
-0.00271838
-0.00270297
-0.00270299
-0.0027151
-0.00273658
-0.0027644
-0.00279754
-0.0028334
-0.00287319
-0.00291585
-0.00296123
-0.00300922
-0.00305971
-0.00311262
-0.00316784
-0.00322529
-0.00328491
-0.00334661
-0.00341033
-0.00347602
-0.00354363
-0.00361311
-0.00368445
-0.0037576
-0.00383255
-0.00390926
-0.00398772
-0.00406793
-0.00414989
-0.00423361
-0.00431907
-0.00440629
-0.00449525
-0.00458597
-0.00467848
-0.00477279
-0.00486892
-0.00496689
-0.00506672
-0.00516844
-0.00527206
-0.00537762
-0.00548514
-0.00559466
-0.00570619
-0.00581981
-0.00593546
-0.00605335
-0.00617318
-0.00629561
-0.00641959
-0.00654696
-0.0066749
-0.00680773
-0.00693949
-0.00707786
-0.00721426
-0.00735636
-0.00750034
-0.00764179
-0.00779507
-0.00793386
-0.0080841
-0.00822348
-0.00833865
-0.00844587
0.00429586
0.00426658
0.00424844
0.0042063
0.00407453
0.00361972
0.00292719
0.00244632
0.00213827
0.00169694
0.00126362
0.00099766
0.000788763
0.000508632
7.2199e-05
-0.000432462
-0.000895531
-0.00146552
-0.00215054
-0.00267546
-0.00310329
-0.00376277
-0.00448262
-0.00472292
-0.00438789
-0.00387967
-0.00352073
-0.00331896
-0.00317371
-0.00304842
-0.0029429
-0.00286221
-0.00279909
-0.0027509
-0.00271899
-0.00270397
-0.00270386
-0.00271559
-0.00273678
-0.00276424
-0.00279598
-0.00283316
-0.00287292
-0.00291557
-0.00296097
-0.00300898
-0.00305949
-0.00311242
-0.00316766
-0.00322514
-0.00328477
-0.00334649
-0.00341023
-0.00347593
-0.00354355
-0.00361305
-0.00368439
-0.00375755
-0.00383251
-0.00390922
-0.00398769
-0.00406791
-0.00414987
-0.00423359
-0.00431906
-0.00440627
-0.00449524
-0.00458596
-0.00467847
-0.00477278
-0.00486892
-0.00496689
-0.00506672
-0.00516843
-0.00527205
-0.00537761
-0.00548513
-0.00559466
-0.00570619
-0.00581981
-0.00593546
-0.00605335
-0.00617318
-0.00629561
-0.00641959
-0.00654696
-0.0066749
-0.00680773
-0.00693949
-0.00707787
-0.00721426
-0.00735637
-0.00750034
-0.00764183
-0.0077951
-0.00793394
-0.00808422
-0.00822351
-0.00833879
-0.00844602
0.00411385
0.00405163
0.00404452
0.00401597
0.00390724
0.00352127
0.00287199
0.00239882
0.00211714
0.00167273
0.00120404
0.000940318
0.000742016
0.000455693
4.55184e-05
-0.000423502
-0.000886773
-0.00145576
-0.00211052
-0.0026012
-0.00299288
-0.00359451
-0.00425981
-0.0045051
-0.00423398
-0.00379448
-0.00347461
-0.00329004
-0.00315455
-0.00303494
-0.00293327
-0.00285546
-0.0027954
-0.00274983
-0.00271979
-0.00270576
-0.00270586
-0.00271724
-0.00273807
-0.00276504
-0.00279666
-0.00283309
-0.00287268
-0.00291527
-0.00296065
-0.00300867
-0.00305921
-0.00311217
-0.00316744
-0.00322494
-0.0032846
-0.00334634
-0.0034101
-0.00347582
-0.00354345
-0.00361296
-0.00368432
-0.00375749
-0.00383245
-0.00390918
-0.00398765
-0.00406787
-0.00414984
-0.00423356
-0.00431904
-0.00440625
-0.00449522
-0.00458595
-0.00467846
-0.00477278
-0.00486891
-0.00496688
-0.00506671
-0.00516843
-0.00527205
-0.00537761
-0.00548513
-0.00559466
-0.00570619
-0.00581981
-0.00593546
-0.00605335
-0.00617318
-0.00629561
-0.00641959
-0.00654696
-0.0066749
-0.00680774
-0.00693949
-0.00707787
-0.00721426
-0.00735639
-0.00750035
-0.00764187
-0.00779513
-0.00793403
-0.00808435
-0.00822354
-0.00833891
-0.00844614
0.00394172
0.00384514
0.00384113
0.00383355
0.00372922
0.00339316
0.00280515
0.00234293
0.00207827
0.00165255
0.00116237
0.00088494
0.000684732
0.000397714
2.19971e-05
-0.000415586
-0.00088468
-0.00143586
-0.00204672
-0.00252568
-0.00290076
-0.0034292
-0.00402829
-0.00428752
-0.00408277
-0.00370326
-0.00342003
-0.00325636
-0.00313218
-0.00301756
-0.00292049
-0.0028471
-0.00279071
-0.00274782
-0.00271941
-0.00270609
-0.00270625
-0.00271727
-0.00273795
-0.00276393
-0.00279627
-0.0028326
-0.00287219
-0.00291479
-0.00296021
-0.00300827
-0.00305885
-0.00311184
-0.00316716
-0.0032247
-0.00328438
-0.00334615
-0.00340993
-0.00347568
-0.00354333
-0.00361286
-0.00368422
-0.00375741
-0.00383238
-0.00390912
-0.0039876
-0.00406783
-0.00414981
-0.00423353
-0.00431901
-0.00440623
-0.0044952
-0.00458593
-0.00467845
-0.00477277
-0.0048689
-0.00496687
-0.00506671
-0.00516842
-0.00527205
-0.00537761
-0.00548513
-0.00559465
-0.00570619
-0.00581981
-0.00593546
-0.00605335
-0.00617318
-0.00629561
-0.00641959
-0.00654696
-0.0066749
-0.00680774
-0.00693949
-0.00707787
-0.00721427
-0.0073564
-0.00750036
-0.00764192
-0.00779518
-0.00793412
-0.0080845
-0.00822358
-0.008339
-0.00844625
0.00376495
0.00364233
0.00363839
0.00366098
0.00354814
0.00323445
0.00272116
0.00228582
0.00202805
0.00163001
0.00112871
0.000825408
0.000628707
0.000351321
-1.25469e-05
-0.000426837
-0.000867209
-0.00138843
-0.00198706
-0.00246637
-0.0028044
-0.00325326
-0.00380151
-0.00407857
-0.00393019
-0.00360465
-0.0033586
-0.00321667
-0.00310445
-0.00299675
-0.0029055
-0.00283671
-0.00278408
-0.00274411
-0.00271785
-0.00270591
-0.00270672
-0.00271767
-0.00273839
-0.00276473
-0.00279618
-0.00283218
-0.00287166
-0.00291424
-0.00295967
-0.00300777
-0.0030584
-0.00311144
-0.0031668
-0.00322438
-0.00328411
-0.00334591
-0.00340973
-0.0034755
-0.00354318
-0.00361272
-0.00368411
-0.00375731
-0.0038323
-0.00390905
-0.00398754
-0.00406778
-0.00414976
-0.0042335
-0.00431898
-0.0044062
-0.00449518
-0.00458591
-0.00467843
-0.00477275
-0.00486889
-0.00496687
-0.0050667
-0.00516842
-0.00527204
-0.0053776
-0.00548513
-0.00559465
-0.00570618
-0.00581981
-0.00593545
-0.00605335
-0.00617318
-0.00629561
-0.00641959
-0.00654696
-0.0066749
-0.00680774
-0.00693949
-0.00707788
-0.00721427
-0.00735642
-0.00750037
-0.00764197
-0.00779524
-0.00793421
-0.00808466
-0.00822361
-0.00833905
-0.00844635
0.00358043
0.00344038
0.00343055
0.00348243
0.00338241
0.00306784
0.0026045
0.00222003
0.00197673
0.00159433
0.00109327
0.000777356
0.00058329
0.000299087
-6.21391e-05
-0.000434136
-0.000835902
-0.00134453
-0.0019315
-0.00239398
-0.00269915
-0.00308792
-0.00358577
-0.00386947
-0.00377285
-0.00350156
-0.00329149
-0.00317077
-0.0030718
-0.00297246
-0.00288756
-0.00282401
-0.00277585
-0.00273934
-0.00271543
-0.00270481
-0.00270616
-0.00271689
-0.00273685
-0.00276379
-0.00279536
-0.00283134
-0.00287085
-0.00291348
-0.00295897
-0.00300713
-0.00305783
-0.00311094
-0.00316636
-0.003224
-0.00328377
-0.00334562
-0.00340947
-0.00347528
-0.00354298
-0.00361256
-0.00368397
-0.00375719
-0.00383219
-0.00390896
-0.00398746
-0.00406771
-0.00414971
-0.00423345
-0.00431894
-0.00440617
-0.00449515
-0.00458589
-0.00467841
-0.00477274
-0.00486888
-0.00496685
-0.00506669
-0.00516841
-0.00527203
-0.0053776
-0.00548512
-0.00559465
-0.00570618
-0.0058198
-0.00593545
-0.00605335
-0.00617318
-0.00629561
-0.00641959
-0.00654696
-0.00667491
-0.00680774
-0.0069395
-0.00707788
-0.00721427
-0.00735644
-0.00750039
-0.00764202
-0.00779531
-0.00793431
-0.00808483
-0.00822365
-0.00833908
-0.00844642
0.00340804
0.00323231
0.00320779
0.00329227
0.0032319
0.00291191
0.00245758
0.00212869
0.00192841
0.00155415
0.00105315
0.000738171
0.000536598
0.000243408
-9.93358e-05
-0.000441469
-0.000824858
-0.00129978
-0.00184944
-0.00231069
-0.00260808
-0.0029337
-0.0033688
-0.00365872
-0.00361735
-0.00339743
-0.00321847
-0.00311775
-0.00303354
-0.00294432
-0.00286664
-0.00280881
-0.00276546
-0.00273265
-0.00271133
-0.00270246
-0.00270485
-0.00271768
-0.00273655
-0.00276305
-0.00279451
-0.00283039
-0.00286988
-0.00291255
-0.00295811
-0.00300635
-0.00305714
-0.00311033
-0.00316582
-0.00322353
-0.00328336
-0.00334526
-0.00340916
-0.00347501
-0.00354275
-0.00361236
-0.0036838
-0.00375704
-0.00383207
-0.00390885
-0.00398737
-0.00406763
-0.00414964
-0.00423339
-0.00431889
-0.00440613
-0.00449511
-0.00458586
-0.00467839
-0.00477272
-0.00486886
-0.00496684
-0.00506668
-0.0051684
-0.00527203
-0.00537759
-0.00548512
-0.00559464
-0.00570618
-0.0058198
-0.00593545
-0.00605335
-0.00617318
-0.00629561
-0.00641959
-0.00654696
-0.00667491
-0.00680774
-0.0069395
-0.00707789
-0.00721428
-0.00735646
-0.00750041
-0.00764208
-0.00779539
-0.00793441
-0.00808501
-0.00822369
-0.00833908
-0.00844647
0.00326644
0.00303088
0.00297438
0.00308341
0.00307473
0.00278071
0.00230871
0.0019978
0.00186715
0.00152415
0.0010068
0.000689267
0.000496965
0.000204256
-0.000135668
-0.0004658
-0.000819275
-0.00124095
-0.00175645
-0.0022274
-0.002519
-0.00278307
-0.00315897
-0.00345445
-0.0034636
-0.00328958
-0.00313849
-0.00305766
-0.00298986
-0.00291219
-0.00284234
-0.00279075
-0.00275273
-0.00272411
-0.00270573
-0.00269864
-0.00270234
-0.00271534
-0.00273492
-0.00276147
-0.00279307
-0.00282902
-0.00286859
-0.00291136
-0.00295703
-0.00300539
-0.00305628
-0.00310958
-0.00316517
-0.00322295
-0.00328286
-0.00334483
-0.00340879
-0.00347468
-0.00354247
-0.00361211
-0.00368359
-0.00375686
-0.00383191
-0.00390871
-0.00398726
-0.00406754
-0.00414956
-0.00423332
-0.00431883
-0.00440608
-0.00449507
-0.00458583
-0.00467836
-0.00477269
-0.00486884
-0.00496682
-0.00506666
-0.00516839
-0.00527202
-0.00537758
-0.00548511
-0.00559464
-0.00570617
-0.0058198
-0.00593545
-0.00605335
-0.00617318
-0.00629561
-0.00641959
-0.00654696
-0.00667491
-0.00680774
-0.0069395
-0.0070779
-0.00721429
-0.00735648
-0.00750043
-0.00764214
-0.00779548
-0.00793451
-0.00808519
-0.00822374
-0.00833905
-0.0084465
0.00315824
0.00286499
0.00273928
0.0028498
0.00289689
0.00266501
0.00218506
0.00183743
0.00176898
0.00150578
0.000966589
0.000626703
0.000465276
0.00017381
-0.000179813
-0.000485403
-0.000806463
-0.00119396
-0.00166528
-0.00212432
-0.00242462
-0.00265114
-0.00296424
-0.00325028
-0.00330601
-0.00317938
-0.00305452
-0.00299158
-0.00294059
-0.00287584
-0.00281468
-0.00276978
-0.00273742
-0.00271328
-0.00269818
-0.00269343
-0.00269862
-0.00271238
-0.00273272
-0.00275945
-0.00279123
-0.00282729
-0.002867
-0.00290991
-0.00295572
-0.00300422
-0.00305525
-0.00310867
-0.00316437
-0.00322226
-0.00328226
-0.0033443
-0.00340833
-0.00347429
-0.00354213
-0.00361182
-0.00368333
-0.00375664
-0.00383172
-0.00390855
-0.00398712
-0.00406742
-0.00414946
-0.00423324
-0.00431876
-0.00440601
-0.00449502
-0.00458578
-0.00467832
-0.00477266
-0.00486881
-0.0049668
-0.00506665
-0.00516837
-0.00527201
-0.00537758
-0.0054851
-0.00559463
-0.00570617
-0.00581979
-0.00593545
-0.00605334
-0.00617318
-0.00629561
-0.00641959
-0.00654696
-0.00667491
-0.00680775
-0.00693951
-0.0070779
-0.0072143
-0.0073565
-0.00750047
-0.0076422
-0.00779558
-0.00793462
-0.00808537
-0.0082238
-0.00833899
-0.0084465
0.00305791
0.00274986
0.00252287
0.00260094
0.00269221
0.00253946
0.0020959
0.00168259
0.00162117
0.00147478
0.000949947
0.000557117
0.00041966
0.000152019
-0.00021142
-0.000499868
-0.000799646
-0.00115876
-0.0015707
-0.0020064
-0.0023303
-0.00253422
-0.00277959
-0.0030466
-0.00314818
-0.00306961
-0.00296757
-0.00291944
-0.00288545
-0.00283508
-0.00278333
-0.00274537
-0.00271908
-0.0027
-0.0026887
-0.00268663
-0.00269358
-0.00270836
-0.00272954
-0.00275668
-0.00278877
-0.00282507
-0.00286499
-0.0029081
-0.00295411
-0.0030028
-0.00305399
-0.00310757
-0.00316341
-0.00322142
-0.00328152
-0.00334367
-0.00340778
-0.00347381
-0.00354172
-0.00361146
-0.00368303
-0.00375638
-0.0038315
-0.00390836
-0.00398695
-0.00406728
-0.00414934
-0.00423314
-0.00431867
-0.00440594
-0.00449496
-0.00458573
-0.00467828
-0.00477263
-0.00486879
-0.00496678
-0.00506663
-0.00516836
-0.00527199
-0.00537756
-0.00548509
-0.00559463
-0.00570616
-0.00581979
-0.00593544
-0.00605334
-0.00617318
-0.00629561
-0.00641959
-0.00654696
-0.00667491
-0.00680775
-0.00693951
-0.00707791
-0.00721432
-0.00735653
-0.0075005
-0.00764226
-0.00779569
-0.00793473
-0.00808555
-0.00822385
-0.00833891
-0.00844647
0.00292212
0.0026703
0.00235394
0.00235341
0.00246258
0.00238564
0.00202226
0.00156506
0.00144071
0.00140158
0.000956469
0.00049736
0.000352175
0.000139409
-0.000226932
-0.000520332
-0.000792677
-0.00112251
-0.00148736
-0.00188703
-0.00222163
-0.00242048
-0.00261392
-0.00285403
-0.00298953
-0.00295688
-0.00287778
-0.0028425
-0.00282463
-0.00278953
-0.0027481
-0.00271753
-0.00269776
-0.00268418
-0.00267701
-0.00267789
-0.0026869
-0.00270305
-0.00272528
-0.00275307
-0.00278563
-0.00282229
-0.00286252
-0.0029059
-0.00295216
-0.00300108
-0.00305249
-0.00310625
-0.00316225
-0.00322041
-0.00328065
-0.00334291
-0.00340712
-0.00347324
-0.00354122
-0.00361104
-0.00368266
-0.00375607
-0.00383123
-0.00390813
-0.00398676
-0.00406711
-0.0041492
-0.00423301
-0.00431857
-0.00440585
-0.00449488
-0.00458567
-0.00467823
-0.00477258
-0.00486875
-0.00496675
-0.0050666
-0.00516834
-0.00527198
-0.00537755
-0.00548508
-0.00559462
-0.00570616
-0.00581978
-0.00593544
-0.00605334
-0.00617318
-0.00629561
-0.00641959
-0.00654697
-0.00667492
-0.00680775
-0.00693952
-0.00707792
-0.00721433
-0.00735656
-0.00750055
-0.00764233
-0.00779581
-0.00793484
-0.00808572
-0.00822391
-0.00833881
-0.00844642
0.00272474
0.00258844
0.00223843
0.00212962
0.002221
0.00220052
0.00193476
0.00149043
0.00126747
0.00127321
0.000958298
0.000466642
0.000272919
0.000117707
-0.000229662
-0.000537668
-0.000783952
-0.00108734
-0.00141792
-0.00176762
-0.00209689
-0.00231133
-0.00247257
-0.00267403
-0.00282684
-0.00283992
-0.00278732
-0.0027627
-0.00275839
-0.00273903
-0.00270908
-0.0026863
-0.00267319
-0.00266545
-0.00266281
-0.00266702
-0.00267844
-0.00269631
-0.00271982
-0.00274848
-0.00278168
-0.00281885
-0.00285948
-0.00290323
-0.00294981
-0.00299901
-0.00305068
-0.00310466
-0.00316087
-0.00321921
-0.00327961
-0.003342
-0.00340634
-0.00347256
-0.00354064
-0.00361053
-0.00368223
-0.00375569
-0.00383091
-0.00390785
-0.00398652
-0.00406691
-0.00414903
-0.00423287
-0.00431844
-0.00440575
-0.00449479
-0.00458559
-0.00467817
-0.00477253
-0.00486871
-0.00496671
-0.00506657
-0.00516831
-0.00527196
-0.00537754
-0.00548507
-0.00559461
-0.00570615
-0.00581978
-0.00593543
-0.00605333
-0.00617317
-0.00629561
-0.0064196
-0.00654697
-0.00667492
-0.00680776
-0.00693953
-0.00707793
-0.00721435
-0.00735659
-0.0075006
-0.0076424
-0.00779593
-0.00793496
-0.00808589
-0.00822398
-0.0083387
-0.00844634
0.00247828
0.00246134
0.00215442
0.00195044
0.00198494
0.00199355
0.00181476
0.00143569
0.00113423
0.00110722
0.000924309
0.000466643
0.00020066
7.37781e-05
-0.000224683
-0.000543548
-0.000778002
-0.00105069
-0.00135349
-0.00165826
-0.00196845
-0.00219952
-0.00234608
-0.00250885
-0.0026655
-0.00271981
-0.00269606
-0.002681
-0.00268749
-0.00268359
-0.00266613
-0.00265157
-0.00264523
-0.00264364
-0.00264596
-0.00265387
-0.00266803
-0.00268794
-0.00271299
-0.00274277
-0.00277681
-0.00281463
-0.0028558
-0.00290001
-0.00294699
-0.00299655
-0.00304852
-0.00310278
-0.00315923
-0.00321778
-0.00327837
-0.00334093
-0.0034054
-0.00347175
-0.00353994
-0.00360993
-0.00368171
-0.00375525
-0.00383052
-0.00390753
-0.00398624
-0.00406667
-0.00414883
-0.0042327
-0.0043183
-0.00440562
-0.00449469
-0.00458551
-0.0046781
-0.00477247
-0.00486866
-0.00496667
-0.00506654
-0.00516828
-0.00527193
-0.00537752
-0.00548506
-0.00559459
-0.00570614
-0.00581977
-0.00593543
-0.00605333
-0.00617317
-0.0062956
-0.0064196
-0.00654697
-0.00667492
-0.00680776
-0.00693954
-0.00707795
-0.00721438
-0.00735662
-0.00750066
-0.00764247
-0.00779607
-0.00793508
-0.00808604
-0.00822404
-0.00833856
-0.00844622
0.00221826
0.00227778
0.00206526
0.0018162
0.0017721
0.00178005
0.00166301
0.00137064
0.00104474
0.000941431
0.000842506
0.000473268
0.000150901
1.3196e-05
-0.000223133
-0.000535529
-0.000771825
-0.00101415
-0.00129307
-0.00156455
-0.00184261
-0.00207882
-0.00222826
-0.00236368
-0.00251168
-0.00259591
-0.00260219
-0.00259846
-0.00261343
-0.00262353
-0.00261912
-0.00261336
-0.00261391
-0.00261866
-0.00262629
-0.00263825
-0.00265549
-0.00267777
-0.00270463
-0.00273578
-0.00277087
-0.00280952
-0.00285137
-0.00289615
-0.00294362
-0.00299361
-0.00304596
-0.00310055
-0.00315728
-0.00321609
-0.0032769
-0.00333965
-0.0034043
-0.0034708
-0.00353911
-0.00360922
-0.0036811
-0.00375472
-0.00383007
-0.00390714
-0.00398591
-0.00406639
-0.00414859
-0.0042325
-0.00431812
-0.00440548
-0.00449457
-0.0045854
-0.00467801
-0.0047724
-0.0048686
-0.00496662
-0.0050665
-0.00516825
-0.00527191
-0.00537749
-0.00548504
-0.00559458
-0.00570613
-0.00581976
-0.00593542
-0.00605333
-0.00617317
-0.0062956
-0.0064196
-0.00654697
-0.00667493
-0.00680776
-0.00693955
-0.00707796
-0.0072144
-0.00735665
-0.00750073
-0.00764255
-0.0077962
-0.0079352
-0.00808618
-0.0082241
-0.00833841
-0.00844608
0.00197843
0.00205873
0.00194224
0.00170767
0.00159355
0.00157487
0.00149217
0.00127798
0.000979383
0.000806065
0.000725254
0.000458009
0.000127035
-4.61801e-05
-0.000234537
-0.000519482
-0.000762082
-0.000981685
-0.00123443
-0.00148109
-0.00172528
-0.00195473
-0.00211494
-0.00223639
-0.00236856
-0.00246986
-0.00250523
-0.0025158
-0.00253773
-0.00255944
-0.00256804
-0.00257176
-0.00257932
-0.00259045
-0.00260368
-0.00262004
-0.00264068
-0.00266562
-0.00269459
-0.00272736
-0.00276373
-0.00280339
-0.00284609
-0.00289157
-0.00293964
-0.00299014
-0.00304294
-0.00309791
-0.00315499
-0.0032141
-0.00327517
-0.00333816
-0.003403
-0.00346968
-0.00353814
-0.00360839
-0.00368038
-0.0037541
-0.00382954
-0.00390668
-0.00398552
-0.00406606
-0.0041483
-0.00423226
-0.00431792
-0.0044053
-0.00449442
-0.00458528
-0.00467791
-0.00477232
-0.00486853
-0.00496657
-0.00506645
-0.00516821
-0.00527187
-0.00537747
-0.00548502
-0.00559456
-0.00570611
-0.00581975
-0.00593541
-0.00605332
-0.00617316
-0.0062956
-0.0064196
-0.00654697
-0.00667493
-0.00680777
-0.00693956
-0.00707797
-0.00721443
-0.00735669
-0.0075008
-0.00764263
-0.00779634
-0.00793532
-0.00808631
-0.00822416
-0.00833826
-0.0084459
0.001774
0.00183425
0.00178242
0.00159861
0.00144699
0.00138906
0.00131772
0.00115972
0.000913423
0.000704659
0.000599115
0.000410928
0.000116174
-9.20601e-05
-0.000260156
-0.000505127
-0.000745656
-0.000951635
-0.00117749
-0.00140469
-0.00162161
-0.00183439
-0.00200185
-0.0021211
-0.00223877
-0.0023461
-0.00240558
-0.00243259
-0.00246145
-0.00249241
-0.00251317
-0.00252681
-0.0025416
-0.00255908
-0.00257806
-0.00259914
-0.00262347
-0.00265138
-0.00268272
-0.00271739
-0.00275526
-0.00279614
-0.00283984
-0.00288616
-0.00293495
-0.00298606
-0.00303938
-0.00309483
-0.00315231
-0.00321177
-0.00327315
-0.0033364
-0.00340148
-0.00346836
-0.00353701
-0.0036074
-0.00367953
-0.00375338
-0.00382892
-0.00390615
-0.00398507
-0.00406567
-0.00414797
-0.00423197
-0.00431768
-0.0044051
-0.00449425
-0.00458514
-0.00467779
-0.00477222
-0.00486845
-0.0049665
-0.00506639
-0.00516817
-0.00527184
-0.00537744
-0.00548499
-0.00559454
-0.0057061
-0.00581974
-0.0059354
-0.00605331
-0.00617316
-0.0062956
-0.0064196
-0.00654697
-0.00667494
-0.00680778
-0.00693958
-0.00707799
-0.00721447
-0.00735673
-0.00750087
-0.00764271
-0.00779648
-0.00793544
-0.00808642
-0.00822421
-0.00833809
-0.0084457
0.00160265
0.00162639
0.0016017
0.00147274
0.00131937
0.00122716
0.00115146
0.00102662
0.000831683
0.000624248
0.000487671
0.000339865
9.86729e-05
-0.000123374
-0.000290951
-0.000497513
-0.000723876
-0.000922529
-0.00112536
-0.001334
-0.00153043
-0.00172264
-0.00188985
-0.00201344
-0.00212252
-0.00222851
-0.00230455
-0.00234837
-0.00238531
-0.00242371
-0.0024551
-0.00247868
-0.00250093
-0.00252471
-0.00254948
-0.00257549
-0.0026038
-0.00263494
-0.00266892
-0.00270573
-0.00274533
-0.00278764
-0.00283252
-0.00287983
-0.00292946
-0.00298129
-0.00303524
-0.00309122
-0.00314917
-0.00320904
-0.00327078
-0.00333435
-0.0033997
-0.00346682
-0.00353568
-0.00360626
-0.00367855
-0.00375253
-0.00382819
-0.00390552
-0.00398453
-0.00406522
-0.00414759
-0.00423165
-0.0043174
-0.00440487
-0.00449405
-0.00458497
-0.00467765
-0.0047721
-0.00486835
-0.00496642
-0.00506633
-0.00516811
-0.00527179
-0.0053774
-0.00548496
-0.00559452
-0.00570608
-0.00581972
-0.00593539
-0.0060533
-0.00617316
-0.0062956
-0.0064196
-0.00654697
-0.00667495
-0.00680778
-0.0069396
-0.00707801
-0.00721451
-0.00735677
-0.00750095
-0.0076428
-0.00779661
-0.00793557
-0.00808651
-0.00822424
-0.00833792
-0.00844547
0.0014547
0.001443
0.00141908
0.00132951
0.00119603
0.00108594
0.000999091
0.000890343
0.000734716
0.000549988
0.000396045
0.000258668
6.52986e-05
-0.000145717
-0.000317726
-0.000497963
-0.000702679
-0.00089371
-0.00107856
-0.00126837
-0.00144897
-0.00162252
-0.0017829
-0.00191086
-0.00201731
-0.00211941
-0.0022047
-0.00226338
-0.00230955
-0.00235448
-0.00239471
-0.0024277
-0.00245754
-0.00248758
-0.00251808
-0.00254915
-0.00258165
-0.00261624
-0.0026531
-0.00269228
-0.00273385
-0.00277778
-0.00282402
-0.00287248
-0.00292309
-0.00297576
-0.00303043
-0.00308704
-0.00314554
-0.00320589
-0.00326804
-0.00333197
-0.00339764
-0.00346504
-0.00353414
-0.00360493
-0.0036774
-0.00375154
-0.00382734
-0.0039048
-0.00398391
-0.00406469
-0.00414714
-0.00423126
-0.00431708
-0.00440459
-0.00449382
-0.00458478
-0.00467749
-0.00477197
-0.00486824
-0.00496632
-0.00506625
-0.00516805
-0.00527174
-0.00537736
-0.00548493
-0.00559449
-0.00570606
-0.00581971
-0.00593538
-0.0060533
-0.00617315
-0.00629559
-0.0064196
-0.00654698
-0.00667495
-0.00680779
-0.00693962
-0.00707803
-0.00721455
-0.00735682
-0.00750103
-0.00764289
-0.00779674
-0.00793569
-0.00808659
-0.00822427
-0.00833775
-0.00844523
0.00131862
0.00128166
0.00124707
0.00117801
0.00106904
0.000957676
0.000861816
0.000759641
0.000629728
0.000471822
0.000317614
0.000180319
1.93838e-05
-0.000167791
-0.00033908
-0.000504223
-0.000685924
-0.000865347
-0.00103638
-0.00120881
-0.00137574
-0.00153427
-0.00168432
-0.00181321
-0.00192047
-0.00201955
-0.00210876
-0.00217866
-0.0022343
-0.00228555
-0.00233304
-0.00237446
-0.00241178
-0.00244801
-0.00248409
-0.00252022
-0.00255706
-0.00259529
-0.00263521
-0.00267699
-0.00272073
-0.00276649
-0.00281427
-0.00286403
-0.00291576
-0.00296939
-0.00302489
-0.00308222
-0.00314135
-0.00320224
-0.00326488
-0.00332922
-0.00339526
-0.00346297
-0.00353235
-0.00360339
-0.00367607
-0.0037504
-0.00382636
-0.00390396
-0.00398319
-0.00406408
-0.00414662
-0.00423082
-0.0043167
-0.00440427
-0.00449355
-0.00458455
-0.0046773
-0.00477181
-0.00486811
-0.00496622
-0.00506616
-0.00516798
-0.00527168
-0.00537731
-0.00548489
-0.00559446
-0.00570603
-0.00581969
-0.00593536
-0.00605328
-0.00617314
-0.00629559
-0.0064196
-0.00654698
-0.00667496
-0.0068078
-0.00693964
-0.00707805
-0.00721459
-0.00735687
-0.00750112
-0.00764298
-0.00779686
-0.0079358
-0.00808665
-0.00822428
-0.00833758
-0.00844496
0.00118649
0.00113609
0.00109009
0.00102819
0.000938486
0.000835658
0.000737337
0.000637998
0.000523501
0.00038831
0.000245219
0.000109812
-3.26462e-05
-0.000195308
-0.00035762
-0.000512476
-0.000674551
-0.000839538
-0.000998666
-0.0011561
-0.0013101
-0.00145656
-0.00159592
-0.00172205
-0.00183052
-0.00192833
-0.00201863
-0.00209583
-0.00215995
-0.00221748
-0.00227111
-0.00231976
-0.0023641
-0.00240638
-0.00244786
-0.00248895
-0.00253017
-0.00257215
-0.0026153
-0.00265984
-0.00270594
-0.0027537
-0.00280318
-0.00285441
-0.00290739
-0.00296211
-0.00301855
-0.00307671
-0.00313655
-0.00319807
-0.00326125
-0.00332607
-0.00339252
-0.0034606
-0.0035303
-0.00360162
-0.00367455
-0.00374909
-0.00382523
-0.00390299
-0.00398237
-0.00406337
-0.00414601
-0.00423031
-0.00431627
-0.00440391
-0.00449324
-0.0045843
-0.00467708
-0.00477163
-0.00486796
-0.00496609
-0.00506606
-0.00516789
-0.00527161
-0.00537726
-0.00548485
-0.00559443
-0.005706
-0.00581966
-0.00593535
-0.00605327
-0.00617314
-0.00629558
-0.0064196
-0.00654698
-0.00667497
-0.00680782
-0.00693966
-0.00707808
-0.00721464
-0.00735692
-0.00750121
-0.00764307
-0.00779698
-0.00793591
-0.0080867
-0.00822428
-0.0083374
-0.00844469
0.0010554
0.00100046
0.000947024
0.00088617
0.000808461
0.000716767
0.000621868
0.000525552
0.000420938
0.000302755
0.000174314
4.54397e-05
-8.55409e-05
-0.00022819
-0.000376437
-0.000521366
-0.000668174
-0.000818236
-0.000965599
-0.00111019
-0.00125208
-0.0013882
-0.001518
-0.00163905
-0.00174729
-0.00184483
-0.00193524
-0.00201658
-0.00208735
-0.00215077
-0.00220978
-0.0022645
-0.00231514
-0.00236315
-0.0024098
-0.00245566
-0.0025012
-0.00254699
-0.00259345
-0.00264088
-0.00268947
-0.00273939
-0.00279074
-0.00284358
-0.00289795
-0.00295388
-0.00301138
-0.00307045
-0.0031311
-0.00319332
-0.00325711
-0.00332248
-0.0033894
-0.0034579
-0.00352796
-0.0035996
-0.0036728
-0.00374758
-0.00382394
-0.00390188
-0.00398142
-0.00406256
-0.00414532
-0.00422972
-0.00431577
-0.00440349
-0.00449289
-0.004584
-0.00467684
-0.00477142
-0.00486779
-0.00496595
-0.00506594
-0.0051678
-0.00527154
-0.00537719
-0.00548479
-0.00559438
-0.00570597
-0.00581964
-0.00593533
-0.00605326
-0.00617313
-0.00629558
-0.0064196
-0.00654698
-0.00667498
-0.00680783
-0.00693969
-0.00707811
-0.00721469
-0.00735698
-0.00750129
-0.00764316
-0.00779709
-0.007936
-0.00808674
-0.00822426
-0.00833722
-0.0084444
0.000925913
0.000871318
0.000814949
0.000753981
0.000683081
0.000601112
0.000512784
0.000421199
0.00032417
0.000218332
0.000103599
-1.54503e-05
-0.000136671
-0.000264153
-0.000397634
-0.000531561
-0.000665834
-0.000802114
-0.000937688
-0.00107095
-0.00120183
-0.00132855
-0.00144998
-0.00156509
-0.00167135
-0.00176851
-0.00185879
-0.00194222
-0.00201758
-0.00208604
-0.00214977
-0.00220956
-0.00226565
-0.00231892
-0.0023704
-0.00242077
-0.00247048
-0.00252003
-0.00256983
-0.00262021
-0.00267141
-0.0027236
-0.00277694
-0.00283152
-0.00288741
-0.00294466
-0.00300332
-0.00306341
-0.00312496
-0.00318796
-0.00325245
-0.00331841
-0.00338588
-0.00345484
-0.00352531
-0.0035973
-0.00367082
-0.00374588
-0.00382247
-0.00390062
-0.00398034
-0.00406164
-0.00414454
-0.00422906
-0.00431521
-0.00440301
-0.00449249
-0.00458366
-0.00467655
-0.00477119
-0.00486759
-0.00496579
-0.00506581
-0.00516769
-0.00527145
-0.00537712
-0.00548473
-0.00559434
-0.00570593
-0.00581961
-0.00593531
-0.00605324
-0.00617312
-0.00629557
-0.0064196
-0.00654699
-0.00667499
-0.00680784
-0.00693971
-0.00707814
-0.00721474
-0.00735703
-0.00750137
-0.00764325
-0.00779718
-0.00793609
-0.00808676
-0.00822422
-0.00833704
-0.00844412
0.000800027
0.000747645
0.00069152
0.000631327
0.00056473
0.000490195
0.0004091
0.000323537
0.000233388
0.000137098
3.39705e-05
-7.43553e-05
-0.000185861
-0.000301367
-0.000421545
-0.00054392
-0.000666953
-0.000791118
-0.000915411
-0.0010383
-0.00115926
-0.00127725
-0.00139118
-0.00150033
-0.00160334
-0.00169937
-0.00178926
-0.00187355
-0.00195174
-0.00202406
-0.00209177
-0.00215577
-0.00221644
-0.00227434
-0.00233025
-0.00238479
-0.00243844
-0.00249161
-0.0025447
-0.00259804
-0.00265189
-0.00270643
-0.00276185
-0.00281827
-0.00287578
-0.00293446
-0.00299439
-0.00305559
-0.00311811
-0.00318198
-0.00324723
-0.00331387
-0.00338192
-0.0034514
-0.00352233
-0.00359472
-0.00366859
-0.00374395
-0.00382082
-0.0038992
-0.00397912
-0.0040606
-0.00414366
-0.0042283
-0.00431457
-0.00440247
-0.00449203
-0.00458328
-0.00467623
-0.00477092
-0.00486737
-0.0049656
-0.00506566
-0.00516756
-0.00527135
-0.00537704
-0.00548467
-0.00559428
-0.00570589
-0.00581958
-0.00593528
-0.00605322
-0.0061731
-0.00629557
-0.0064196
-0.00654699
-0.006675
-0.00680786
-0.00693974
-0.00707817
-0.00721479
-0.00735709
-0.00750146
-0.00764334
-0.00779727
-0.00793616
-0.00808677
-0.00822417
-0.00833686
-0.00844383
0.000679728
0.000629827
0.000575568
0.000517274
0.00045418
0.000385337
0.000310862
0.000231705
0.000148254
6.00289e-05
-3.34425e-05
-0.000131711
-0.000233623
-0.00033883
-0.000447557
-0.000558862
-0.000671438
-0.000784934
-0.000898851
-0.00101215
-0.00112412
-0.00123404
-0.00134105
-0.00144449
-0.0015436
-0.00163763
-0.00172665
-0.00181103
-0.0018907
-0.00196565
-0.00203648
-0.00210389
-0.00216832
-0.00223016
-0.00228998
-0.00234831
-0.00240558
-0.00246216
-0.00251842
-0.00257465
-0.00263113
-0.00268805
-0.0027456
-0.00280392
-0.00286313
-0.00292333
-0.00298459
-0.00304699
-0.00311057
-0.00317538
-0.00324145
-0.00330883
-0.00337753
-0.00344758
-0.00351901
-0.00359185
-0.00366611
-0.00374181
-0.00381897
-0.00389761
-0.00397776
-0.00405944
-0.00414266
-0.00422746
-0.00431385
-0.00440187
-0.00449152
-0.00458285
-0.00467588
-0.00477062
-0.00486712
-0.0049654
-0.00506549
-0.00516743
-0.00527123
-0.00537694
-0.00548459
-0.00559422
-0.00570584
-0.00581954
-0.00593525
-0.0060532
-0.00617309
-0.00629556
-0.0064196
-0.006547
-0.00667502
-0.00680788
-0.00693977
-0.00707821
-0.00721485
-0.00735715
-0.00750153
-0.00764342
-0.00779735
-0.00793622
-0.00808677
-0.0082241
-0.00833667
-0.00844355
0.000566323
0.000518645
0.000466809
0.000411105
0.000351387
0.000287234
0.000218489
0.000145449
6.84167e-05
-1.26485e-05
-9.79228e-05
-0.00018729
-0.000280201
-0.000376165
-0.000475017
-0.000576315
-0.000679235
-0.000783202
-0.000887776
-0.000992287
-0.00109608
-0.00119857
-0.00129912
-0.00139713
-0.0014921
-0.00158347
-0.00167104
-0.0017549
-0.00183508
-0.00191157
-0.00198461
-0.00205465
-0.00212205
-0.00218714
-0.0022503
-0.00231195
-0.00237247
-0.00243218
-0.0024914
-0.0025504
-0.00260943
-0.00266869
-0.00272837
-0.00278863
-0.00284958
-0.00291135
-0.00297402
-0.00303767
-0.00310237
-0.00316818
-0.00323515
-0.00330331
-0.00337271
-0.00344338
-0.00351536
-0.00358868
-0.00366337
-0.00373944
-0.00381693
-0.00389586
-0.00397626
-0.00405815
-0.00414157
-0.00422653
-0.00431306
-0.0044012
-0.00449096
-0.00458238
-0.00467548
-0.00477029
-0.00486684
-0.00496517
-0.0050653
-0.00516727
-0.0052711
-0.00537684
-0.00548451
-0.00559415
-0.00570579
-0.0058195
-0.00593522
-0.00605318
-0.00617307
-0.00629555
-0.0064196
-0.006547
-0.00667503
-0.0068079
-0.0069398
-0.00707824
-0.0072149
-0.00735721
-0.00750161
-0.00764349
-0.00779741
-0.00793627
-0.00808676
-0.00822402
-0.00833649
-0.00844327
0.000460469
0.000414748
0.000365377
0.000312493
0.000256113
0.000196094
0.000132307
6.47935e-05
-6.30662e-06
-8.09284e-05
-0.000159082
-0.000240702
-0.000325528
-0.0004132
-0.000503435
-0.000595912
-0.000690123
-0.000785557
-0.000881793
-0.000978354
-0.00107472
-0.00117042
-0.00126493
-0.0013578
-0.00144859
-0.00153693
-0.00162253
-0.00170533
-0.0017853
-0.00186245
-0.00193685
-0.00200874
-0.00207838
-0.00214602
-0.00221192
-0.0022764
-0.00233975
-0.00240225
-0.00246417
-0.00252573
-0.00258718
-0.00264869
-0.00271046
-0.00277262
-0.00283533
-0.00289868
-0.00296279
-0.00302774
-0.00309361
-0.00316046
-0.00322836
-0.00329736
-0.0033675
-0.00343884
-0.00351141
-0.00358524
-0.00366038
-0.00373686
-0.00381471
-0.00389395
-0.00397462
-0.00405675
-0.00414037
-0.00422551
-0.0043122
-0.00440047
-0.00449034
-0.00458186
-0.00467504
-0.00476993
-0.00486654
-0.00496492
-0.0050651
-0.0051671
-0.00527097
-0.00537673
-0.00548442
-0.00559408
-0.00570573
-0.00581945
-0.00593519
-0.00605316
-0.00617306
-0.00629554
-0.00641959
-0.006547
-0.00667504
-0.00680791
-0.00693983
-0.00707828
-0.00721495
-0.00735727
-0.00750167
-0.00764356
-0.00779747
-0.00793631
-0.00808674
-0.00822394
-0.00833631
-0.00844301
0.000362477
0.000318553
0.000271508
0.00022138
0.000168194
0.000111912
5.24636e-05
-1.01706e-05
-7.5948e-05
-0.000144814
-0.000216727
-0.000291624
-0.000369359
-0.000449702
-0.000532401
-0.000617182
-0.000703701
-0.000791569
-0.000880419
-0.000969881
-0.00105956
-0.00114907
-0.00123801
-0.00132601
-0.00141273
-0.00149785
-0.00158112
-0.0016624
-0.00174162
-0.00181873
-0.00189376
-0.0019668
-0.002038
-0.00210753
-0.00217558
-0.00224236
-0.00230809
-0.002373
-0.00243729
-0.00250118
-0.00256484
-0.00262846
-0.00269221
-0.00275622
-0.00282062
-0.00288555
-0.00295109
-0.00301735
-0.0030844
-0.00315232
-0.00322119
-0.00329105
-0.00336198
-0.003434
-0.00350719
-0.00358157
-0.0036572
-0.0037341
-0.00381232
-0.0038919
-0.00397286
-0.00405524
-0.00413908
-0.00422441
-0.00431127
-0.00439968
-0.00448968
-0.0045813
-0.00467457
-0.00476954
-0.00486622
-0.00496465
-0.00506488
-0.00516692
-0.00527082
-0.00537661
-0.00548432
-0.005594
-0.00570567
-0.00581941
-0.00593515
-0.00605313
-0.00617304
-0.00629553
-0.00641959
-0.00654701
-0.00667506
-0.00680793
-0.00693986
-0.00707832
-0.007215
-0.00735732
-0.00750173
-0.00764362
-0.00779752
-0.00793633
-0.00808671
-0.00822385
-0.00833613
-0.00844276
0.000272559
0.000230342
0.00018545
0.000137878
8.7632e-05
3.46996e-05
-2.09487e-05
-7.93324e-05
-0.000140443
-0.000204253
-0.000270723
-0.000339799
-0.00041139
-0.00048535
-0.000561496
-0.000639609
-0.000719433
-0.00080068
-0.000883056
-0.000966263
-0.00105
-0.00113395
-0.00121781
-0.00130129
-0.0013841
-0.00146598
-0.00154673
-0.00162618
-0.00170421
-0.00178077
-0.00185582
-0.00192938
-0.00200153
-0.00207235
-0.00214198
-0.00221054
-0.00227819
-0.00234509
-0.00241142
-0.00247732
-0.00254296
-0.00260849
-0.00267406
-0.0027398
-0.00280582
-0.00287225
-0.00293918
-0.00300672
-0.00307495
-0.00314394
-0.00321377
-0.00328452
-0.00335623
-0.00342896
-0.00350278
-0.00357773
-0.00365385
-0.0037312
-0.00380982
-0.00388973
-0.003971
-0.00405365
-0.00413772
-0.00422325
-0.00431028
-0.00439885
-0.00448898
-0.00458071
-0.00467408
-0.00476912
-0.00486587
-0.00496437
-0.00506464
-0.00516672
-0.00527066
-0.00537648
-0.00548422
-0.00559392
-0.0057056
-0.00581935
-0.00593511
-0.0060531
-0.00617302
-0.00629552
-0.00641959
-0.00654701
-0.00667507
-0.00680795
-0.00693989
-0.00707835
-0.00721504
-0.00735737
-0.00750179
-0.00764367
-0.00779755
-0.00793634
-0.00808668
-0.00822375
-0.00833596
-0.00844252
0.000190882
0.0001503
0.000107396
6.21425e-05
1.45286e-05
-3.54504e-05
-8.78004e-05
-0.000142525
-0.000199623
-0.000259082
-0.000320879
-0.000384978
-0.000451316
-0.000519798
-0.000590297
-0.00066266
-0.0007367
-0.000812206
-0.000888951
-0.000966703
-0.00104522
-0.00112426
-0.00120357
-0.00128293
-0.0013621
-0.00144087
-0.00151906
-0.00159651
-0.00167309
-0.00174872
-0.00182334
-0.00189693
-0.00196951
-0.0020411
-0.00211178
-0.00218163
-0.00225074
-0.00231923
-0.00238721
-0.00245481
-0.00252215
-0.00258937
-0.00265656
-0.00272386
-0.00279138
-0.00285921
-0.00292746
-0.00299622
-0.00306557
-0.0031356
-0.00320638
-0.00327798
-0.00335047
-0.00342391
-0.00349835
-0.00357387
-0.00365049
-0.00372828
-0.00380729
-0.00388756
-0.00396913
-0.00405204
-0.00413635
-0.00422209
-0.00430929
-0.00439801
-0.00448827
-0.00458011
-0.00467358
-0.0047687
-0.00486553
-0.00496408
-0.0050644
-0.00516653
-0.0052705
-0.00537635
-0.00548411
-0.00559384
-0.00570554
-0.0058193
-0.00593507
-0.00605307
-0.006173
-0.00629551
-0.00641959
-0.00654702
-0.00667508
-0.00680797
-0.00693992
-0.00707839
-0.00721508
-0.00735741
-0.00750183
-0.00764371
-0.00779758
-0.00793634
-0.00808663
-0.00822365
-0.0083358
-0.0084423
0.000117363
7.82924e-05
3.71692e-05
-6.0459e-06
-5.1359e-05
-9.87658e-05
-0.000148264
-0.000199856
-0.000253544
-0.000309327
-0.000367194
-0.000427121
-0.000489064
-0.000552958
-0.000618711
-0.000686211
-0.000755324
-0.000825897
-0.000897767
-0.00097076
-0.00104469
-0.00111938
-0.00119463
-0.00127026
-0.00134607
-0.0014219
-0.00149757
-0.00157295
-0.00164791
-0.00172235
-0.0017962
-0.00186942
-0.00194197
-0.00201386
-0.00208511
-0.00215576
-0.00222588
-0.00229551
-0.00236476
-0.0024337
-0.00250244
-0.00257105
-0.00263965
-0.00270833
-0.00277717
-0.00284628
-0.00291575
-0.00298565
-0.00305607
-0.0031271
-0.00319879
-0.00327124
-0.0033445
-0.00341864
-0.00349372
-0.0035698
-0.00364694
-0.00372519
-0.00380461
-0.00388523
-0.00396712
-0.00405032
-0.00413487
-0.00422083
-0.00430822
-0.0043971
-0.0044875
-0.00457946
-0.00467304
-0.00476825
-0.00486515
-0.00496377
-0.00506414
-0.00516632
-0.00527032
-0.00537621
-0.005484
-0.00559375
-0.00570547
-0.00581925
-0.00593503
-0.00605304
-0.00617298
-0.0062955
-0.00641958
-0.00654702
-0.00667509
-0.00680799
-0.00693994
-0.00707842
-0.00721512
-0.00735745
-0.00750187
-0.00764374
-0.0077976
-0.00793633
-0.00808659
-0.00822356
-0.00833564
-0.0084421
5.24627e-05
1.43077e-05
-2.56311e-05
-6.73385e-05
-0.000110831
-0.000156143
-0.000203314
-0.000252375
-0.000303339
-0.000356203
-0.000410953
-0.000467564
-0.000526005
-0.000586232
-0.000648187
-0.000711789
-0.000776941
-0.000843525
-0.000911419
-0.000980494
-0.00105061
-0.00112164
-0.00119342
-0.0012658
-0.00133862
-0.00141175
-0.00148504
-0.00155837
-0.00163163
-0.00170471
-0.00177755
-0.00185007
-0.00192223
-0.00199402
-0.00206542
-0.00213644
-0.0022071
-0.00227745
-0.00234752
-0.00241738
-0.0024871
-0.00255673
-0.00262637
-0.00269608
-0.00276594
-0.00283604
-0.00290645
-0.00297725
-0.00304852
-0.00312033
-0.00319276
-0.00326588
-0.00333976
-0.00341446
-0.00349005
-0.00356659
-0.00364414
-0.00372276
-0.0038025
-0.00388341
-0.00396556
-0.00404898
-0.00413373
-0.00421985
-0.00430739
-0.0043964
-0.00448691
-0.00457897
-0.00467262
-0.00476791
-0.00486486
-0.00496353
-0.00506395
-0.00516616
-0.00527019
-0.0053761
-0.00548391
-0.00559368
-0.00570541
-0.00581921
-0.005935
-0.00605302
-0.00617297
-0.00629549
-0.00641958
-0.00654703
-0.0066751
-0.00680801
-0.00693997
-0.00707845
-0.00721515
-0.00735749
-0.00750191
-0.00764377
-0.00779761
-0.00793632
-0.00808654
-0.00822347
-0.0083355
-0.00844192
3.11146e-06
-3.37261e-05
-7.21977e-05
-0.000112349
-0.00015421
-0.000197803
-0.000243136
-0.000290209
-0.000339018
-0.000389552
-0.0004418
-0.000495749
-0.000551384
-0.000608686
-0.000667617
-0.000728125
-0.000790134
-0.000853555
-0.000918296
-0.00098426
-0.00105135
-0.00111946
-0.00118847
-0.00125826
-0.00132869
-0.00139966
-0.00147105
-0.00154275
-0.00161465
-0.00168666
-0.00175869
-0.00183068
-0.00190256
-0.0019743
-0.00204586
-0.00211724
-0.00218842
-0.00225943
-0.00233027
-0.00240099
-0.00247162
-0.00254222
-0.00261284
-0.00268354
-0.00275438
-0.00282543
-0.00289677
-0.00296845
-0.00304056
-0.00311317
-0.00318634
-0.00326014
-0.00333465
-0.00340994
-0.00348606
-0.00356308
-0.00364106
-0.00372007
-0.00380015
-0.00388138
-0.0039638
-0.00404747
-0.00413243
-0.00421874
-0.00430644
-0.00439559
-0.00448623
-0.00457839
-0.00467214
-0.0047675
-0.00486452
-0.00496325
-0.00506371
-0.00516596
-0.00527003
-0.00537597
-0.00548381
-0.00559359
-0.00570535
-0.00581915
-0.00593496
-0.00605299
-0.00617295
-0.00629548
-0.00641958
-0.00654703
-0.00667511
-0.00680802
-0.00693998
-0.00707847
-0.00721518
-0.00735751
-0.00750193
-0.00764378
-0.00779762
-0.00793631
-0.0080865
-0.00822339
-0.00833538
-0.00844177
-5.68953e-05
-9.33367e-05
-0.000131257
-0.000170625
-0.000211439
-0.000253716
-0.000297493
-0.000342809
-0.000389697
-0.000438173
-0.000488245
-0.000539904
-0.000593128
-0.000647888
-0.000704147
-0.000761862
-0.000820982
-0.000881452
-0.000943212
-0.00100619
-0.00107031
-0.00113549
-0.00120164
-0.00126865
-0.00133644
-0.0014049
-0.00147396
-0.00154351
-0.00161346
-0.00168373
-0.00175424
-0.00182494
-0.00189575
-0.00196662
-0.00203753
-0.00210845
-0.00217935
-0.00225023
-0.00232109
-0.00239195
-0.00246283
-0.00253375
-0.00260477
-0.00267591
-0.00274723
-0.00281878
-0.00289062
-0.00296281
-0.00303541
-0.00310849
-0.00318212
-0.00325635
-0.00333126
-0.00340692
-0.00348338
-0.00356072
-0.00363899
-0.00371826
-0.00379858
-0.00388002
-0.00396262
-0.00404645
-0.00413156
-0.004218
-0.00430581
-0.00439506
-0.00448578
-0.00457802
-0.00467182
-0.00476724
-0.00486431
-0.00496307
-0.00506357
-0.00516585
-0.00526994
-0.0053759
-0.00548375
-0.00559355
-0.00570531
-0.00581913
-0.00593494
-0.00605298
-0.00617294
-0.00629547
-0.00641958
-0.00654703
-0.00667512
-0.00680804
-0.00694
-0.00707849
-0.00721521
-0.00735754
-0.00750196
-0.00764381
-0.00779764
-0.00793631
-0.00808647
-0.00822332
-0.00833525
-0.00844159
)
;

boundaryField
{
    zeroGradientPlanes
    {
        type            zeroGradient;
    }
    inlet
    {
        type            zeroGradient;
    }
    plate
    {
        type            zeroGradient;
    }
    frontAndBack
    {
        type            empty;
    }
}


// ************************************************************************* //
