/*--------------------------------*- C++ -*----------------------------------*\
  =========                 |
  \\      /  F ield         | OpenFOAM: The Open Source CFD Toolbox
   \\    /   O peration     | Website:  https://openfoam.org
    \\  /    A nd           | Version:  10
     \\/     M anipulation  |
\*---------------------------------------------------------------------------*/
FoamFile
{
    format      ascii;
    class       volScalarField;
    location    "0.9";
    object      p;
}
// * * * * * * * * * * * * * * * * * * * * * * * * * * * * * * * * * * * * * //

dimensions      [0 2 -2 0 0 0 0];

internalField   nonuniform List<scalar> 
4800
(
3.06125e-11
2.78476e-05
-5.25515e-05
-0.000109498
-0.000175141
-0.000261019
-0.000308509
-0.00036723
-0.000427598
-0.000435532
-0.000454772
-0.000435291
-0.000384277
-0.000276623
-0.00012691
0.000140701
0.000521675
0.00102503
0.00165968
0.00235197
6.80442e-06
2.24477e-05
-4.84998e-05
-0.000113164
-0.000171156
-0.000264194
-0.000303797
-0.000369382
-0.000422055
-0.000435771
-0.000446367
-0.0004356
-0.000377942
-0.000279716
-0.000111714
0.000131427
0.000512373
0.000953956
0.00143699
0.00197179
9.17132e-06
1.95252e-05
-4.72759e-05
-0.000114183
-0.000169437
-0.000265157
-0.000301423
-0.000369179
-0.000419502
-0.000433434
-0.000443796
-0.000433512
-0.000376251
-0.000279239
-0.000115572
0.000114708
0.000448677
0.000822322
0.0012281
0.00169883
1.60246e-05
1.46968e-05
-4.4952e-05
-0.000115728
-0.000168203
-0.000264661
-0.000301107
-0.000366256
-0.000419169
-0.000427476
-0.000443523
-0.000427755
-0.000370898
-0.000278528
-0.000123881
8.80222e-05
0.000369829
0.000668284
0.00103213
0.00146912
2.06338e-05
1.07393e-05
-4.38432e-05
-0.000115904
-0.000167785
-0.000262291
-0.000302742
-0.00036187
-0.000418484
-0.000422858
-0.00043542
-0.000423707
-0.000367603
-0.000284086
-0.000145164
3.11466e-05
0.000240191
0.000512678
0.000851983
0.00125382
2.6606e-05
7.94988e-06
-4.43017e-05
-0.000114583
-0.000169178
-0.000256814
-0.000305187
-0.000357975
-0.000413691
-0.000417028
-0.000429291
-0.000421085
-0.000368593
-0.000297567
-0.000188523
-7.15044e-05
0.000111168
0.000373612
0.000685674
0.00104734
3.21908e-05
6.46751e-06
-4.60904e-05
-0.000112579
-0.000175159
-0.000252846
-0.000303491
-0.000356864
-0.000406967
-0.000409629
-0.000424379
-0.000419123
-0.000376628
-0.000332544
-0.000274807
-0.000173887
-1.0092e-06
0.000242195
0.000519913
0.000841038
3.70806e-05
7.60691e-06
-4.92059e-05
-0.000109992
-0.000174987
-0.000252312
-0.000297886
-0.000351027
-0.000401918
-0.000403032
-0.000419552
-0.000425433
-0.000401643
-0.000403352
-0.000364452
-0.000260305
-0.000103662
0.000105634
0.000347531
0.000633093
4.13308e-05
1.1231e-05
-5.21515e-05
-0.000111264
-0.000170148
-0.000252015
-0.000294468
-0.000339469
-0.00039548
-0.000399853
-0.000420178
-0.000449106
-0.00046152
-0.000476213
-0.000439308
-0.000340295
-0.000209327
-3.90102e-05
0.000167272
0.0004236
4.50046e-05
1.60993e-05
-5.24221e-05
-0.000114918
-0.000164892
-0.000246736
-0.000292082
-0.000330132
-0.00038486
-0.000401177
-0.0004353
-0.00049663
-0.000527978
-0.000541143
-0.000508405
-0.000425049
-0.00032199
-0.000190829
-1.95367e-05
0.000212646
4.81121e-05
2.08659e-05
-4.85335e-05
-0.000118033
-0.000166395
-0.000235902
-0.000285733
-0.000324495
-0.000376838
-0.000409966
-0.000476374
-0.000559528
-0.000588986
-0.000596356
-0.00057861
-0.000518331
-0.000442483
-0.000347445
-0.000210003
4.79008e-07
5.17162e-05
2.40205e-05
-3.97331e-05
-0.000116972
-0.000172676
-0.000228275
-0.000273452
-0.000321147
-0.000381643
-0.000432417
-0.000525073
-0.00061944
-0.000647443
-0.000653683
-0.000654012
-0.000620823
-0.000571801
-0.000508362
-0.000402789
-0.000213346
5.54938e-05
2.70725e-05
-3.17227e-05
-0.000108583
-0.000176659
-0.000228751
-0.000262034
-0.00031581
-0.000402601
-0.000473504
-0.000568993
-0.000668694
-0.000705845
-0.000717292
-0.000736097
-0.000732126
-0.000709837
-0.000673975
-0.000596857
-0.000427558
6.05008e-05
3.02932e-05
-2.59181e-05
-9.39732e-05
-0.000171047
-0.000238879
-0.000265044
-0.000312226
-0.00042919
-0.000531725
-0.000617853
-0.000717081
-0.000766687
-0.000789111
-0.000825115
-0.000849559
-0.000855046
-0.000843753
-0.000790707
-0.000639791
6.62484e-05
3.56914e-05
-2.25492e-05
-8.13016e-05
-0.00015388
-0.000244539
-0.000289733
-0.000331457
-0.000449616
-0.000574064
-0.000669901
-0.000770405
-0.00083298
-0.000869024
-0.000921477
-0.000972892
-0.00100715
-0.00101887
-0.000985433
-0.000849914
7.17084e-05
4.51523e-05
-1.80535e-05
-7.42384e-05
-0.000134521
-0.000239952
-0.00032355
-0.000381788
-0.000480386
-0.000604743
-0.000714904
-0.000824162
-0.00090372
-0.000956522
-0.00102594
-0.00110217
-0.00116469
-0.00119906
-0.00118194
-0.00105839
7.73422e-05
5.59035e-05
-7.11674e-06
-7.44861e-05
-0.000125726
-0.000230387
-0.000350371
-0.000439806
-0.000538176
-0.000646556
-0.000754123
-0.000875143
-0.000976075
-0.00105047
-0.00113812
-0.00123656
-0.00132553
-0.00138245
-0.00138022
-0.00126611
8.49456e-05
6.56467e-05
9.09929e-06
-7.17157e-05
-0.000133764
-0.000232091
-0.000368661
-0.000490797
-0.000602795
-0.000705712
-0.000805589
-0.000928264
-0.00104937
-0.00114838
-0.00125666
-0.00137582
-0.00148833
-0.0015672
-0.00157967
-0.00147359
9.53781e-05
7.48833e-05
2.18318e-05
-6.41122e-05
-0.000148799
-0.000251176
-0.000388143
-0.000529702
-0.000661119
-0.000774852
-0.000873393
-0.000993235
-0.00112742
-0.00125007
-0.00138039
-0.00151974
-0.00165292
-0.00175224
-0.00177923
-0.00168061
0.000108209
8.55191e-05
3.03712e-05
-5.82069e-05
-0.000162801
-0.000284048
-0.000422123
-0.000566428
-0.000709368
-0.000840582
-0.000950408
-0.00107168
-0.00121524
-0.00135737
-0.00150841
-0.00166763
-0.00181935
-0.00193715
-0.00197793
-0.00188634
0.000122205
9.83674e-05
3.58742e-05
-6.0208e-05
-0.000177443
-0.000317551
-0.000466274
-0.000610855
-0.000757259
-0.000901838
-0.00102926
-0.00115954
-0.00131308
-0.00147242
-0.0016412
-0.00181881
-0.0019873
-0.00212129
-0.00217476
-0.00208964
0.000137355
0.000112001
3.97492e-05
-7.02972e-05
-0.000198913
-0.000349863
-0.000510394
-0.000662927
-0.000811253
-0.000964758
-0.00110953
-0.00125297
-0.00141837
-0.00159467
-0.0017798
-0.00197336
-0.00215694
-0.00230441
-0.00236935
-0.00229017
0.000153154
0.000124796
4.146e-05
-8.43411e-05
-0.000227824
-0.000386561
-0.000555186
-0.000717207
-0.000871237
-0.00103203
-0.00119231
-0.00135128
-0.00152883
-0.00172191
-0.00192331
-0.00213075
-0.00232774
-0.0024864
-0.00256134
-0.00248775
0.000168726
0.000136109
4.01806e-05
-0.000101088
-0.000260808
-0.000429921
-0.00060345
-0.000773378
-0.000935295
-0.00110397
-0.00127841
-0.0014538
-0.00164465
-0.00185263
-0.00207044
-0.00229074
-0.002499
-0.00266715
-0.00275021
-0.00268177
0.000183011
0.000145179
3.56148e-05
-0.000120953
-0.000296096
-0.000476642
-0.000656188
-0.000833017
-0.00100362
-0.00118119
-0.00136819
-0.00155957
-0.00176507
-0.00198639
-0.00221932
-0.00245248
-0.00267017
-0.00284617
-0.00293537
-0.00287131
0.000194666
0.000151216
2.82703e-05
-0.000144012
-0.00033325
-0.000525553
-0.000713377
-0.00089714
-0.00107604
-0.00126307
-0.00146237
-0.00166831
-0.00188868
-0.00212319
-0.00236911
-0.00261435
-0.00284045
-0.00302286
-0.00311645
-0.00305562
0.000202757
0.00015357
1.78639e-05
-0.000169323
-0.000372483
-0.000576384
-0.000773443
-0.000965696
-0.00115286
-0.00134879
-0.00156071
-0.00178033
-0.00201404
-0.00226208
-0.00251908
-0.00277439
-0.00300824
-0.00319623
-0.00329333
-0.00323446
0.000206275
0.000151228
4.18544e-06
-0.000196423
-0.000413124
-0.000629031
-0.000835705
-0.00103725
-0.00123415
-0.0014385
-0.00166191
-0.0018953
-0.00214014
-0.00240068
-0.00266837
-0.00293184
-0.00317258
-0.00336528
-0.00346566
-0.00340794
0.000203991
0.000143695
-1.30245e-05
-0.000225349
-0.000454435
-0.000682752
-0.000899956
-0.00111083
-0.00131831
-0.00153186
-0.00176507
-0.00201196
-0.00226724
-0.00253722
-0.00281535
-0.00308665
-0.00333314
-0.00352914
-0.00363203
-0.00357525
0.000195389
0.000130538
-3.41767e-05
-0.000256416
-0.000496428
-0.000736367
-0.000964872
-0.00118587
-0.00140397
-0.00162743
-0.00186938
-0.00212834
-0.00239494
-0.00267166
-0.00295761
-0.003237
-0.00348899
-0.00368747
-0.00379134
-0.00373502
0.000179561
0.000110972
-5.96279e-05
-0.000289522
-0.000538791
-0.000789522
-0.00102919
-0.00126081
-0.00148982
-0.00172374
-0.00197374
-0.00224199
-0.00252029
-0.00280432
-0.00309467
-0.00338049
-0.00363835
-0.00383984
-0.00394385
-0.00388679
0.000155844
8.45467e-05
-8.96621e-05
-0.00032473
-0.000581088
-0.000841307
-0.00109201
-0.00133435
-0.00157382
-0.00181857
-0.00207718
-0.00235196
-0.0026394
-0.00293248
-0.00322685
-0.00351602
-0.0037786
-0.00398379
-0.0040889
-0.00403079
0.000123771
5.08367e-05
-0.000124504
-0.000362043
-0.000623191
-0.000890956
-0.00115184
-0.00140514
-0.00165465
-0.00190888
-0.00217668
-0.00245794
-0.00275045
-0.00305099
-0.00335111
-0.00364225
-0.00390705
-0.00411517
-0.00422284
-0.00416538
8.31683e-05
9.58759e-06
-0.000164429
-0.000401392
-0.00066481
-0.000938345
-0.00120763
-0.00147099
-0.00173087
-0.00199268
-0.00226778
-0.00255716
-0.002853
-0.00315635
-0.00346159
-0.00375566
-0.00402183
-0.00423131
-0.00434078
-0.00428502
3.41211e-05
-3.91714e-05
-0.000209646
-0.00044297
-0.000705607
-0.000982976
-0.00125924
-0.00153032
-0.00180051
-0.00207007
-0.00234819
-0.00264456
-0.00294545
-0.00324806
-0.00355453
-0.00385101
-0.0041189
-0.00432892
-0.00443883
-0.00438465
-2.23168e-05
-9.48528e-05
-0.000260433
-0.000487593
-0.0007457
-0.0010236
-0.00130582
-0.00158277
-0.00186031
-0.00214023
-0.0024202
-0.00271758
-0.00302429
-0.00332592
-0.00362801
-0.00392275
-0.00419033
-0.00439955
-0.00450793
-0.00445359
-8.42436e-05
-0.000156079
-0.000316281
-0.000536387
-0.000788355
-0.00106169
-0.00134554
-0.00162741
-0.0019079
-0.00219696
-0.00248311
-0.00277647
-0.0030852
-0.00338759
-0.0036826
-0.00396856
-0.00422942
-0.00443426
-0.00453728
-0.00447782
-0.000148121
-0.000219436
-0.000375304
-0.000589764
-0.000837078
-0.00110672
-0.00138844
-0.00167116
-0.00194761
-0.00223457
-0.00252651
-0.00281538
-0.00311896
-0.00342422
-0.003717
-0.00399625
-0.00424944
-0.00444997
-0.00455111
-0.00449091
-0.000208797
-0.000278928
-0.000430982
-0.00063964
-0.000882589
-0.00115137
-0.00143357
-0.00172081
-0.00199904
-0.00227445
-0.00255392
-0.00282367
-0.0030916
-0.00336305
-0.00362563
-0.00387437
-0.00409994
-0.00428107
-0.00437647
-0.00432516
-0.000269889
-0.000344965
-0.000498767
-0.000707751
-0.00095224
-0.00122646
-0.00151664
-0.0018154
-0.0021119
-0.00240056
-0.00268614
-0.00295742
-0.00320149
-0.00341795
-0.00359714
-0.00372678
-0.00379679
-0.00379584
-0.00370838
-0.00351359
0.00314337
0.00338312
0.0032968
0.00316348
0.00302416
0.00285828
0.00264584
0.00237201
0.0020383
0.00166892
0.0012922
0.000928415
0.000576333
0.000225968
-0.000133847
-0.000509195
-0.000902902
-0.00132034
-0.0017772
-0.00229133
-0.00286607
-0.00351058
-0.00422228
-0.00498615
-0.00576207
-0.00648863
-0.0070883
-0.00748181
-0.00762456
-0.00752176
-0.00725453
-0.00692158
-0.00659298
-0.00629848
-0.00605416
-0.00587306
-0.00575213
-0.00568599
-0.00566097
-0.00566796
-0.00569644
-0.00574299
-0.00580732
-0.00587764
-0.00595628
-0.00603715
-0.0061188
-0.00620251
-0.00628021
-0.00635744
-0.00643355
-0.006516
-0.00660104
-0.00667486
-0.00675665
-0.00684443
-0.0069202
-0.00699591
-0.00707426
-0.00715875
-0.00724843
-0.00732464
-0.00740323
-0.00749094
-0.00756909
-0.00764946
-0.00773201
-0.00781416
-0.00790002
-0.00797076
-0.00804516
-0.00813329
-0.00820306
-0.00828222
-0.00837506
-0.00842869
-0.00848344
-0.00857981
-0.00866153
-0.00870886
-0.00876544
-0.00884357
-0.00891631
-0.00896972
-0.00902394
-0.00909216
-0.00915433
-0.00920542
-0.00926451
-0.00932611
-0.00937996
-0.00943399
-0.00949255
-0.0095489
-0.00960215
-0.00965638
-0.00971039
-0.00976349
-0.00980954
-0.00985202
0.0025631
0.00302029
0.00319006
0.00314361
0.00300427
0.00282526
0.00260945
0.00233921
0.00200991
0.00164321
0.00126747
0.000904193
0.000552927
0.000203425
-0.000155572
-0.000529947
-0.000922785
-0.00133865
-0.00179296
-0.00230399
-0.00287447
-0.0035133
-0.00421728
-0.00497
-0.00573313
-0.00644834
-0.0070428
-0.007441
-0.00759301
-0.0074989
-0.00723802
-0.00690915
-0.00658262
-0.00628993
-0.00604706
-0.00586704
-0.00574665
-0.00568106
-0.00565636
-0.00566368
-0.00569248
-0.00573919
-0.00580383
-0.00587429
-0.00595315
-0.00603419
-0.00611593
-0.00619994
-0.00627779
-0.00635514
-0.00643144
-0.00651407
-0.00659927
-0.00667312
-0.00675504
-0.006843
-0.00691884
-0.00699464
-0.00707306
-0.00715764
-0.00724746
-0.00732365
-0.00740229
-0.00749016
-0.0075683
-0.00764869
-0.00773132
-0.0078135
-0.00789948
-0.00797021
-0.0080446
-0.00813285
-0.00820261
-0.00828179
-0.00837476
-0.00842833
-0.00848304
-0.00857955
-0.00866133
-0.0087086
-0.00876518
-0.00884338
-0.00891616
-0.00896955
-0.00902377
-0.00909203
-0.00915423
-0.00920531
-0.00926441
-0.00932604
-0.00937989
-0.00943392
-0.0094925
-0.00954886
-0.00960211
-0.00965634
-0.00971036
-0.00976347
-0.00980953
-0.00985201
0.00225814
0.00280965
0.00313465
0.00317427
0.00303735
0.00283266
0.00259702
0.00231861
0.00198736
0.00161974
0.00124233
0.000876897
0.000524397
0.00017435
-0.000184965
-0.000558966
-0.000951035
-0.00136567
-0.00181705
-0.00232333
-0.00288723
-0.00351632
-0.00420581
-0.00493645
-0.00567184
-0.0063592
-0.00693422
-0.00732819
-0.00749444
-0.00742727
-0.00719285
-0.00688253
-0.00656689
-0.00628054
-0.00604307
-0.0058671
-0.00574884
-0.00568371
-0.00565881
-0.00566569
-0.00569399
-0.00574033
-0.00580448
-0.00587451
-0.00595297
-0.00603356
-0.00611499
-0.00619863
-0.00627632
-0.00635375
-0.00642994
-0.00651251
-0.00659777
-0.0066715
-0.00675333
-0.00684127
-0.00691713
-0.00699309
-0.00707161
-0.00715616
-0.00724602
-0.00732226
-0.00740094
-0.00748889
-0.0075671
-0.00764758
-0.0077302
-0.00781238
-0.00789846
-0.00796927
-0.00804374
-0.00813211
-0.00820181
-0.008281
-0.00837416
-0.00842775
-0.00848244
-0.00857905
-0.00866088
-0.00870817
-0.0087648
-0.00884305
-0.00891586
-0.00896927
-0.00902352
-0.00909183
-0.00915405
-0.00920513
-0.00926427
-0.00932593
-0.00937978
-0.00943382
-0.00949242
-0.00954879
-0.00960205
-0.0096563
-0.00971033
-0.00976346
-0.0098096
-0.00985208
0.0019978
0.002578
0.0029971
0.00312692
0.00302638
0.00281869
0.00256893
0.00228107
0.00194653
0.00157874
0.00120167
0.00083615
0.000483969
0.000134488
-0.000224329
-0.000597285
-0.000988193
-0.00140106
-0.00184815
-0.00234778
-0.00290276
-0.00351818
-0.00418763
-0.00489213
-0.00559599
-0.00625213
-0.00680458
-0.00719318
-0.007375
-0.0073384
-0.00713579
-0.00684874
-0.00654723
-0.00626948
-0.00603751
-0.00586528
-0.00574876
-0.00568376
-0.00565863
-0.00566487
-0.00569281
-0.00573898
-0.00580274
-0.00587246
-0.00595055
-0.00603087
-0.00611187
-0.00619501
-0.00627285
-0.00635055
-0.00642667
-0.0065094
-0.00659483
-0.00666852
-0.00675034
-0.00683815
-0.00691401
-0.00699047
-0.00706929
-0.00715368
-0.00724357
-0.00732002
-0.00739873
-0.00748669
-0.0075651
-0.0076458
-0.00772836
-0.00781034
-0.00789651
-0.0079676
-0.00804223
-0.00813061
-0.00820025
-0.0082794
-0.00837271
-0.00842653
-0.00848127
-0.0085778
-0.00865965
-0.00870713
-0.00876391
-0.00884215
-0.00891497
-0.00896848
-0.00902282
-0.00909119
-0.00915346
-0.0092046
-0.00926379
-0.00932549
-0.00937939
-0.00943349
-0.00949212
-0.00954853
-0.00960183
-0.00965612
-0.00971019
-0.00976335
-0.00980968
-0.00985222
0.00175375
0.00233846
0.002822
0.00304096
0.00299955
0.00280648
0.00255065
0.00225373
0.00191261
0.00154066
0.00116163
0.000795553
0.000443577
9.43953e-05
-0.000263951
-0.000635705
-0.00102548
-0.00143621
-0.00187815
-0.00237009
-0.00291475
-0.0035142
-0.00416089
-0.00483686
-0.00550873
-0.00613435
-0.00666507
-0.00704836
-0.00724451
-0.0072378
-0.00706901
-0.00680866
-0.00652429
-0.00625676
-0.00603046
-0.00586155
-0.00574671
-0.00568223
-0.00565722
-0.00566326
-0.00569113
-0.00573735
-0.00580083
-0.00587022
-0.00594801
-0.00602793
-0.00610842
-0.00619101
-0.00626886
-0.00634687
-0.00642292
-0.00650577
-0.00659139
-0.00666491
-0.00674665
-0.00683418
-0.00690995
-0.00698707
-0.00706624
-0.00715033
-0.00724016
-0.00731691
-0.00739568
-0.00748348
-0.00756215
-0.00764328
-0.00772562
-0.00780717
-0.00789354
-0.00796506
-0.00803979
-0.00812822
-0.00819785
-0.00827677
-0.00837018
-0.00842456
-0.00847944
-0.00857558
-0.00865743
-0.00870539
-0.0087624
-0.00884052
-0.00891334
-0.00896708
-0.00902158
-0.00908998
-0.00915234
-0.00920363
-0.00926289
-0.00932465
-0.00937865
-0.00943284
-0.00949151
-0.00954799
-0.00960136
-0.00965572
-0.00970987
-0.00976307
-0.0098097
-0.00985236
0.0015192
0.00210165
0.00263377
0.0029314
0.00295758
0.00279411
0.0025408
0.00223599
0.0018853
0.00150468
0.00111992
0.000751676
0.000399732
5.11271e-05
-0.000306367
-0.000676315
-0.00106399
-0.00147177
-0.00190775
-0.00239077
-0.00292359
-0.0035058
-0.00412888
-0.00477621
-0.00541703
-0.00601352
-0.0065236
-0.00690122
-0.00710991
-0.00713128
-0.00699623
-0.00676449
-0.00649944
-0.0062435
-0.00602328
-0.00585741
-0.00574415
-0.00568017
-0.00565539
-0.00566142
-0.00568931
-0.00573569
-0.00579887
-0.00586801
-0.00594548
-0.00602478
-0.00610474
-0.0061867
-0.00626444
-0.00634282
-0.00641874
-0.00650169
-0.00658759
-0.00666083
-0.0067423
-0.0068296
-0.00690531
-0.00698308
-0.00706267
-0.00714643
-0.00723613
-0.00731323
-0.00739204
-0.00747961
-0.00755862
-0.00764023
-0.00772227
-0.00780328
-0.00788986
-0.00796191
-0.00803673
-0.00812519
-0.00819483
-0.00827336
-0.00836686
-0.00842204
-0.00847704
-0.00857257
-0.00865444
-0.00870307
-0.00876034
-0.00883824
-0.00891104
-0.00896511
-0.00901981
-0.00908822
-0.00915071
-0.00920222
-0.00926155
-0.00932337
-0.00937752
-0.00943185
-0.00949058
-0.00954714
-0.00960061
-0.00965507
-0.00970934
-0.00976261
-0.0098096
-0.00985244
0.00128768
0.00186966
0.0024388
0.00280261
0.00289735
0.0027733
0.00252939
0.00222007
0.00186063
0.00146979
0.0010762
0.00070356
0.000351382
4.15647e-06
-0.000352148
-0.000719874
-0.00110412
-0.00150824
-0.00193785
-0.00241062
-0.00293026
-0.00349472
-0.00409384
-0.00471243
-0.00532292
-0.00589165
-0.00638205
-0.00675332
-0.00697205
-0.0070189
-0.00691691
-0.00671522
-0.00647167
-0.00622899
-0.00601565
-0.00585288
-0.00574102
-0.0056774
-0.00565286
-0.00565892
-0.00568693
-0.00573363
-0.00579659
-0.00586547
-0.00594264
-0.00602126
-0.00610062
-0.00618196
-0.00625953
-0.00633834
-0.00641411
-0.00649707
-0.00658344
-0.00665634
-0.00673733
-0.00682451
-0.00690026
-0.00697864
-0.00705869
-0.00714212
-0.00723169
-0.00730914
-0.007388
-0.00747538
-0.0075547
-0.0076368
-0.00771858
-0.00779895
-0.00788569
-0.00795838
-0.00803334
-0.00812178
-0.00819138
-0.00826948
-0.0083631
-0.00841919
-0.00847428
-0.00856907
-0.008651
-0.00870039
-0.00875792
-0.00883555
-0.00890833
-0.0089628
-0.00901771
-0.00908611
-0.00914875
-0.00920051
-0.00925991
-0.00932181
-0.00937613
-0.00943063
-0.0094894
-0.00954607
-0.00959967
-0.00965424
-0.00970866
-0.009762
-0.00980939
-0.00985246
0.00105845
0.00164251
0.00224076
0.00265873
0.00281797
0.00273996
0.00251203
0.00220273
0.00183772
0.00143765
0.00103331
0.000652821
0.000298739
-4.67081e-05
-0.000401328
-0.000766678
-0.0011465
-0.0015459
-0.00196855
-0.00242957
-0.00293458
-0.00348085
-0.00405581
-0.00464567
-0.0052268
-0.00576902
-0.00624005
-0.00660391
-0.00683036
-0.00690024
-0.00683019
-0.0066596
-0.00643969
-0.00621221
-0.00600705
-0.00584787
-0.00573723
-0.00567371
-0.0056493
-0.00565549
-0.00568364
-0.00573085
-0.0057938
-0.00586235
-0.00593935
-0.00601734
-0.00609601
-0.00617672
-0.0062541
-0.00633345
-0.00640913
-0.00649193
-0.00657881
-0.00665149
-0.00673195
-0.00681896
-0.00689481
-0.00697389
-0.00705438
-0.00713744
-0.00722688
-0.00730471
-0.00738368
-0.00747086
-0.00755042
-0.00763305
-0.00771461
-0.00779428
-0.00788116
-0.00795456
-0.00802967
-0.00811804
-0.0081876
-0.00826527
-0.00835902
-0.00841606
-0.00847122
-0.00856525
-0.00864724
-0.00869746
-0.00875526
-0.00883257
-0.00890535
-0.00896024
-0.00901539
-0.00908377
-0.00914656
-0.0091986
-0.00925808
-0.00932005
-0.00937458
-0.00942925
-0.00948808
-0.00954486
-0.00959861
-0.00965329
-0.00970788
-0.00976132
-0.00980909
-0.00985244
0.000831874
0.00141898
0.00204121
0.00250388
0.00272143
0.00269274
0.00248755
0.00218184
0.0018143
0.00140757
0.00099202
0.000600283
0.000241423
-0.000102225
-0.000453802
-0.000816517
-0.00119152
-0.0015845
-0.00199875
-0.00244683
-0.00293596
-0.00346348
-0.00401435
-0.00457594
-0.00512864
-0.00564525
-0.00609715
-0.00645284
-0.00668527
-0.0067759
-0.0067362
-0.0065972
-0.00640285
-0.00619248
-0.00599695
-0.00584203
-0.00573275
-0.00566903
-0.00564455
-0.00565099
-0.00567935
-0.00572723
-0.00579035
-0.00585871
-0.0059356
-0.00601298
-0.00609098
-0.006171
-0.00624818
-0.00632826
-0.00640388
-0.00648632
-0.00657367
-0.00664631
-0.0067263
-0.00681302
-0.00688889
-0.00696879
-0.00704983
-0.00713241
-0.00722166
-0.00729999
-0.00737909
-0.00746599
-0.00754581
-0.007629
-0.00771034
-0.0077893
-0.00787632
-0.00795044
-0.0080257
-0.00811403
-0.00818356
-0.00826075
-0.00835463
-0.00841268
-0.00846793
-0.00856114
-0.00864322
-0.00869429
-0.00875236
-0.00882937
-0.00890213
-0.00895748
-0.00901287
-0.00908123
-0.00914419
-0.00919654
-0.0092561
-0.00931814
-0.00937288
-0.00942775
-0.00948665
-0.00954354
-0.00959745
-0.00965225
-0.00970703
-0.00976057
-0.00980871
-0.00985239
0.000608028
0.00119831
0.00184188
0.0023422
0.00261047
0.00263082
0.00245333
0.00215475
0.00178741
0.00137762
0.000952787
0.00054837
0.000181351
-0.000161688
-0.000508796
-0.00086825
-0.00123863
-0.00162381
-0.00202803
-0.00246256
-0.00293482
-0.00344269
-0.00396977
-0.00450388
-0.00502889
-0.00552059
-0.00595376
-0.00630079
-0.00653753
-0.00664648
-0.00663508
-0.0065274
-0.00636002
-0.00616891
-0.00598495
-0.00583529
-0.00572788
-0.00566389
-0.00563888
-0.00564557
-0.00567414
-0.00572263
-0.00578615
-0.00585451
-0.00593138
-0.00600814
-0.00608555
-0.00616494
-0.00624179
-0.00632269
-0.00639834
-0.0064803
-0.00656813
-0.00664072
-0.00672025
-0.00680679
-0.00688253
-0.0069632
-0.00704502
-0.0071271
-0.00721602
-0.00729491
-0.00737418
-0.00746078
-0.00754086
-0.00762463
-0.00770575
-0.00778396
-0.00787113
-0.00794599
-0.00802141
-0.00810974
-0.00817926
-0.0082559
-0.0083499
-0.00840906
-0.0084644
-0.00855674
-0.0086389
-0.00869089
-0.00874925
-0.00882593
-0.00889868
-0.00895451
-0.00901017
-0.00907851
-0.00914164
-0.00919431
-0.00925397
-0.00931609
-0.00937107
-0.00942613
-0.00948511
-0.00954212
-0.00959621
-0.00965113
-0.00970611
-0.00975978
-0.00980827
-0.00985232
0.000386208
0.000979832
0.00164296
0.00217555
0.00248645
0.00255289
0.002407
0.00212028
0.00175558
0.00134594
0.000915288
0.000498542
0.000120549
-0.000224523
-0.000566576
-0.000921326
-0.00128722
-0.00166424
-0.00205703
-0.00247685
-0.00293104
-0.00341846
-0.00392238
-0.00442988
-0.0049276
-0.00539504
-0.00580998
-0.00614804
-0.00638756
-0.00651247
-0.00652737
-0.00645026
-0.00631086
-0.00614109
-0.00597083
-0.00582753
-0.00572247
-0.00565833
-0.00563228
-0.00563905
-0.00566781
-0.00571693
-0.0057811
-0.0058496
-0.00592668
-0.0060028
-0.00607964
-0.00615866
-0.00623488
-0.00631652
-0.00639249
-0.00647395
-0.00656229
-0.00663467
-0.00671358
-0.00680026
-0.00687588
-0.00695705
-0.00703979
-0.00712155
-0.00720999
-0.00728932
-0.0073689
-0.00745528
-0.00753552
-0.0076199
-0.00770087
-0.00777823
-0.00786551
-0.00794123
-0.00801683
-0.00810513
-0.00817464
-0.00825068
-0.00834483
-0.00840519
-0.00846061
-0.00855201
-0.00863428
-0.00868725
-0.00874592
-0.00882224
-0.00889498
-0.00895132
-0.00900728
-0.00907558
-0.00913891
-0.00919192
-0.00925168
-0.00931388
-0.00936911
-0.00942438
-0.00948345
-0.00954059
-0.00959487
-0.00964993
-0.00970511
-0.00975892
-0.00980775
-0.00985219
0.000164916
0.000762949
0.00144418
0.00200533
0.00235225
0.0024602
0.00234833
0.00207799
0.00171798
0.0013104
0.00087771
0.000451154
6.09076e-05
-0.000289604
-0.000627841
-0.000976073
-0.00133664
-0.00170595
-0.00208651
-0.00248983
-0.00292465
-0.00339128
-0.00387252
-0.00435382
-0.00482452
-0.00526876
-0.00566626
-0.00599514
-0.00623619
-0.00637489
-0.0064139
-0.00636608
-0.00625503
-0.00610821
-0.00595349
-0.00581795
-0.00571596
-0.00565218
-0.00562498
-0.00563144
-0.0056604
-0.00571022
-0.00577511
-0.00584375
-0.00592123
-0.00599687
-0.00607312
-0.00615192
-0.00622747
-0.00630971
-0.00638626
-0.00646727
-0.0065561
-0.00662822
-0.00670618
-0.00679313
-0.00686898
-0.00695041
-0.00703398
-0.00711569
-0.00720363
-0.0072832
-0.00736317
-0.00744943
-0.00752977
-0.0076148
-0.00769572
-0.00777209
-0.00785939
-0.00793616
-0.00801201
-0.00810015
-0.00816962
-0.00824514
-0.00833945
-0.00840102
-0.00845652
-0.00854694
-0.00862935
-0.00868335
-0.00874232
-0.00881828
-0.00889103
-0.00894791
-0.00900417
-0.00907243
-0.00913597
-0.00918936
-0.00924923
-0.0093115
-0.00936701
-0.00942251
-0.00948168
-0.00953895
-0.00959343
-0.00964864
-0.00970403
-0.00975801
-0.00980716
-0.00985202
-5.55141e-05
0.000548071
0.00124586
0.0018326
0.00221055
0.00235434
0.00227662
0.0020267
0.00167396
0.00126947
0.000837698
0.000405075
3.36167e-06
-0.000355451
-0.000692477
-0.00103284
-0.00138597
-0.00174797
-0.00211672
-0.00250212
-0.00291588
-0.00336117
-0.00382007
-0.00427581
-0.00472028
-0.00514259
-0.00552345
-0.00584266
-0.00608407
-0.00623456
-0.00629529
-0.00627508
-0.00619218
-0.00606929
-0.00593201
-0.00580618
-0.00570832
-0.00564549
-0.00561724
-0.00562303
-0.00565192
-0.00570229
-0.00576802
-0.00583685
-0.0059148
-0.00599037
-0.006066
-0.00614458
-0.00621966
-0.00630239
-0.00637953
-0.00646007
-0.00654942
-0.00662147
-0.00669816
-0.00678519
-0.00686166
-0.00694348
-0.00702766
-0.00710932
-0.00719689
-0.00727664
-0.00735692
-0.00744317
-0.00752368
-0.00760932
-0.0076902
-0.00776548
-0.00785274
-0.00793071
-0.00800691
-0.00809481
-0.00816421
-0.00823922
-0.00833373
-0.00839655
-0.00845211
-0.00854153
-0.0086241
-0.00867917
-0.00873847
-0.00881404
-0.0088868
-0.00894424
-0.00900083
-0.00906907
-0.00913283
-0.00918662
-0.0092466
-0.00930896
-0.00936476
-0.00942051
-0.00947977
-0.00953719
-0.00959189
-0.00964725
-0.00970286
-0.00975702
-0.00980648
-0.00985178
-0.000273808
0.000335169
0.00104762
0.00165702
0.00206282
0.00223764
0.00219211
0.00196555
0.00162279
0.00122234
0.000793349
0.000358548
-5.19638e-05
-0.000420171
-0.000758766
-0.00109167
-0.00143507
-0.00178889
-0.00214682
-0.00251413
-0.00290517
-0.00332799
-0.0037652
-0.00419676
-0.0046157
-0.00501659
-0.00538137
-0.00569073
-0.00593151
-0.00609223
-0.00617245
-0.00617778
-0.0061223
-0.00602389
-0.00590575
-0.00579142
-0.00569893
-0.00563771
-0.00560858
-0.00561398
-0.00564247
-0.00569299
-0.00575993
-0.00582893
-0.0059073
-0.00598302
-0.00605803
-0.00613654
-0.00621127
-0.00629457
-0.00637238
-0.00645223
-0.00654219
-0.0066145
-0.00668971
-0.00677641
-0.0068536
-0.00693622
-0.00702104
-0.00710237
-0.0071896
-0.0072697
-0.00735021
-0.00743645
-0.00751716
-0.00760337
-0.00768425
-0.00775851
-0.00784568
-0.00792482
-0.00800145
-0.00808917
-0.00815843
-0.00823284
-0.00832761
-0.00839179
-0.00844738
-0.00853573
-0.00861851
-0.00867472
-0.00873433
-0.0088095
-0.00888228
-0.00894033
-0.00899727
-0.00906547
-0.00912946
-0.00918368
-0.00924378
-0.00930623
-0.00936234
-0.00941836
-0.00947774
-0.00953531
-0.00959024
-0.00964576
-0.0097016
-0.00975595
-0.0098057
-0.00985147
-0.000489894
0.000123451
0.000848898
0.00147852
0.00191026
0.00211284
0.00209585
0.00189343
0.00156358
0.00116853
0.000743617
0.000310053
-0.000105827
-0.000482478
-0.000824767
-0.0011523
-0.00148464
-0.00182801
-0.00217594
-0.00252685
-0.00289426
-0.00329269
-0.00370811
-0.00411715
-0.00451107
-0.00489034
-0.00523986
-0.00553997
-0.00577929
-0.00594862
-0.00604639
-0.0060748
-0.00604534
-0.00597161
-0.0058737
-0.00577262
-0.00568708
-0.00562861
-0.00559905
-0.00560442
-0.00563247
-0.0056824
-0.00575068
-0.00582004
-0.00589851
-0.00597436
-0.00604893
-0.00612787
-0.00620229
-0.00628613
-0.00636497
-0.00644382
-0.00653415
-0.00660713
-0.00668082
-0.00676693
-0.00684477
-0.00692836
-0.00701413
-0.00709502
-0.00718164
-0.00726219
-0.00734312
-0.00742927
-0.00751005
-0.00759692
-0.00767803
-0.00775124
-0.0078381
-0.00791837
-0.00799556
-0.00808325
-0.0081523
-0.00822596
-0.00832106
-0.00838677
-0.00844233
-0.0085295
-0.00861255
-0.00866998
-0.0087299
-0.00880464
-0.00887746
-0.00893615
-0.00899345
-0.00906161
-0.00912586
-0.00918053
-0.00924076
-0.00930331
-0.00935975
-0.00941605
-0.00947555
-0.00953328
-0.00958846
-0.00964417
-0.00970023
-0.0097548
-0.00980484
-0.00985107
-0.000703737
-8.73612e-05
0.00064953
0.00129721
0.00175297
0.00198103
0.00198888
0.00180966
0.00149556
0.00110794
0.00068826
0.00025831
-0.000159911
-0.000542531
-0.000889015
-0.00121354
-0.0015353
-0.00186605
-0.00220326
-0.0025398
-0.00288381
-0.00325574
-0.00364818
-0.00403649
-0.00440702
-0.00476454
-0.00509959
-0.00539136
-0.00562848
-0.00580436
-0.00591788
-0.00596721
-0.00596183
-0.00591245
-0.00583535
-0.00574919
-0.00567211
-0.0056179
-0.00558857
-0.00559388
-0.0056222
-0.00567081
-0.00573997
-0.00581016
-0.00588832
-0.00596442
-0.00603873
-0.00611833
-0.00619275
-0.00627679
-0.00635724
-0.00643518
-0.00652512
-0.0065991
-0.00667155
-0.00675695
-0.0068354
-0.00691955
-0.00700649
-0.00708751
-0.00717322
-0.00725393
-0.00733564
-0.0074218
-0.00750232
-0.00758993
-0.00767153
-0.00774347
-0.00782983
-0.00791144
-0.00798932
-0.00807694
-0.00814581
-0.00821861
-0.00831399
-0.00838139
-0.00843697
-0.00852284
-0.00860616
-0.00866493
-0.00872516
-0.00879944
-0.00887229
-0.00893169
-0.00898936
-0.00905749
-0.009122
-0.00917717
-0.00923753
-0.00930018
-0.00935698
-0.00941358
-0.00947321
-0.00953112
-0.00958656
-0.00964246
-0.00969876
-0.00975356
-0.00980387
-0.00985057
-0.000915499
-0.000296703
0.000450294
0.00111416
0.00159164
0.0018437
0.00187399
0.00171601
0.00141885
0.00104074
0.000627115
0.000202152
-0.000215654
-0.000601395
-0.000950919
-0.00127382
-0.00158668
-0.00190366
-0.00222761
-0.00255095
-0.00287398
-0.00321861
-0.00358633
-0.0039551
-0.00430475
-0.00464058
-0.0049608
-0.00524496
-0.00547957
-0.00565997
-0.00578739
-0.00585597
-0.00587243
-0.00584615
-0.00579025
-0.00572037
-0.00565301
-0.00560471
-0.00557688
-0.00558213
-0.00561147
-0.00565872
-0.00572787
-0.00579904
-0.00587692
-0.00595337
-0.00602716
-0.00610728
-0.00618245
-0.00626665
-0.0063489
-0.00642641
-0.00651532
-0.00659023
-0.00666179
-0.00674638
-0.00682553
-0.00690991
-0.00699783
-0.0070797
-0.00716471
-0.00724496
-0.00732739
-0.00741398
-0.00749408
-0.00758222
-0.00766458
-0.00773531
-0.00782105
-0.00790414
-0.00798267
-0.00807007
-0.00813886
-0.00821087
-0.00830645
-0.00837561
-0.00843128
-0.00851577
-0.00859933
-0.00865953
-0.00872012
-0.0087939
-0.00886678
-0.00892693
-0.008985
-0.00905308
-0.00911787
-0.00917358
-0.00923408
-0.00929684
-0.00935402
-0.00941093
-0.00947072
-0.00952881
-0.00958452
-0.00964063
-0.00969716
-0.00975222
-0.0098028
-0.00984995
-0.00112511
-0.00050339
0.000252416
0.000930464
0.00142686
0.00170106
0.00175212
0.00161299
0.0013324
0.000965817
0.000559497
0.000140857
-0.000273745
-0.000660099
-0.00101049
-0.00133147
-0.00163723
-0.00194096
-0.00224948
-0.00255957
-0.00286492
-0.00318317
-0.00352426
-0.00387314
-0.00420408
-0.00451914
-0.0048236
-0.00510046
-0.00533316
-0.00551643
-0.00565551
-0.00574198
-0.00577827
-0.00577316
-0.0057381
-0.00568566
-0.0056292
-0.00558812
-0.00556365
-0.00556924
-0.0055999
-0.00564644
-0.00571482
-0.00578636
-0.0058642
-0.00594111
-0.00601404
-0.00609458
-0.00617124
-0.00625577
-0.00633971
-0.00641728
-0.00650511
-0.00658061
-0.00665126
-0.00673502
-0.00681518
-0.00689991
-0.00698815
-0.00707096
-0.00715607
-0.00723559
-0.00731812
-0.00740563
-0.00748565
-0.00757383
-0.007657
-0.00772686
-0.00781173
-0.00789616
-0.0079755
-0.00806274
-0.00813147
-0.00820275
-0.00829846
-0.00836935
-0.00842514
-0.00850829
-0.00859209
-0.00865375
-0.00871473
-0.00878801
-0.00886091
-0.00892185
-0.00898035
-0.00904838
-0.00911347
-0.00916974
-0.0092304
-0.00929325
-0.00935086
-0.0094081
-0.00946805
-0.00952633
-0.00958233
-0.00963867
-0.00969544
-0.00975076
-0.00980162
-0.00984921
-0.00133276
-0.000707188
5.62752e-05
0.000746287
0.00125877
0.00155296
0.00162388
0.00150223
0.00123755
0.00088387
0.000486137
7.4864e-05
-0.000334475
-0.000719275
-0.00106849
-0.00138638
-0.00168594
-0.00197808
-0.00227033
-0.00256564
-0.00285521
-0.00314976
-0.00346329
-0.00379066
-0.00410456
-0.00440101
-0.00468939
-0.00495821
-0.0051899
-0.00537525
-0.00552338
-0.0056259
-0.00568041
-0.00569439
-0.00567853
-0.00564449
-0.00560025
-0.00556713
-0.00554819
-0.00555522
-0.00558735
-0.00563363
-0.0057011
-0.00577235
-0.00584965
-0.00592758
-0.00599984
-0.00608039
-0.00615877
-0.00624369
-0.00632946
-0.00640759
-0.00649451
-0.00657065
-0.00664003
-0.00672259
-0.00680418
-0.00688969
-0.00697775
-0.00706093
-0.00714674
-0.00722603
-0.00730825
-0.0073967
-0.00747689
-0.00756475
-0.00764863
-0.00771792
-0.00780188
-0.00788758
-0.00796796
-0.00805508
-0.00812352
-0.00819398
-0.00829
-0.00836273
-0.00841858
-0.00850034
-0.00858444
-0.00864762
-0.00870897
-0.00878172
-0.00885467
-0.00891644
-0.0089754
-0.00904336
-0.00910878
-0.00916564
-0.00922647
-0.00928944
-0.00934748
-0.00940506
-0.00946519
-0.00952369
-0.00957998
-0.00963657
-0.00969358
-0.00974918
-0.00980031
-0.00984834
-0.00153851
-0.000908178
-0.000137507
0.000562704
0.0010888
0.00140075
0.00149065
0.00138594
0.00113599
0.000795037
0.000406659
3.59902e-06
-0.000398592
-0.000779557
-0.00112595
-0.0014395
-0.00173192
-0.00201386
-0.00229069
-0.00256951
-0.00284353
-0.00311779
-0.00340496
-0.00370888
-0.00400665
-0.00428681
-0.00455943
-0.00481883
-0.00504951
-0.00523734
-0.00539166
-0.00550776
-0.0055793
-0.00561086
-0.00561202
-0.00559622
-0.00556602
-0.00554144
-0.00552957
-0.00553963
-0.00557365
-0.00561995
-0.00568669
-0.00575772
-0.00583315
-0.00591232
-0.00598494
-0.00606469
-0.0061447
-0.00623008
-0.006318
-0.00639749
-0.00648332
-0.00656035
-0.00662846
-0.00670891
-0.00679208
-0.00687909
-0.00696702
-0.00705004
-0.00713628
-0.00721601
-0.00729823
-0.00738713
-0.00746724
-0.00755497
-0.00763975
-0.00770851
-0.00779151
-0.00787847
-0.00795989
-0.00804693
-0.00811503
-0.00818458
-0.00828107
-0.00835587
-0.00841159
-0.00849176
-0.00857633
-0.00864116
-0.00870281
-0.00877499
-0.00884806
-0.00891072
-0.00897011
-0.00903799
-0.0091038
-0.00916129
-0.00922229
-0.00928535
-0.00934387
-0.00940182
-0.00946216
-0.00952088
-0.00957747
-0.00963432
-0.00969159
-0.00974747
-0.00979887
-0.0098473
-0.00174213
-0.00110674
-0.000328873
0.000380341
0.000917877
0.00124515
0.00135273
0.0012645
0.00102812
0.000699066
0.000320988
-7.27875e-05
-0.000465942
-0.000841173
-0.0011834
-0.00149163
-0.00177536
-0.00204736
-0.00231065
-0.0025721
-0.00282993
-0.00308639
-0.00335004
-0.00362953
-0.00391081
-0.00417652
-0.00443419
-0.00468328
-0.00491173
-0.00510291
-0.00526181
-0.00538867
-0.00547586
-0.00552375
-0.00553993
-0.00554042
-0.00552582
-0.00551088
-0.00550676
-0.00552164
-0.00555855
-0.00560573
-0.00567137
-0.0057424
-0.00581543
-0.00589465
-0.00596891
-0.00604786
-0.00612906
-0.00621527
-0.00630498
-0.00638651
-0.00647135
-0.00654911
-0.00661688
-0.00669468
-0.00677861
-0.00686781
-0.00695609
-0.0070385
-0.00712465
-0.00720491
-0.00728766
-0.00737724
-0.007457
-0.00754454
-0.00763056
-0.00769859
-0.00778021
-0.00786861
-0.00795133
-0.00803839
-0.00810621
-0.00817457
-0.00827141
-0.00834862
-0.0084043
-0.00848256
-0.00856762
-0.00863439
-0.00869637
-0.0087678
-0.00884101
-0.00890465
-0.00896451
-0.00903229
-0.00909851
-0.00915664
-0.00921782
-0.009281
-0.00934003
-0.00939837
-0.0094589
-0.00951788
-0.00957477
-0.00963192
-0.00968945
-0.00974562
-0.00979729
-0.00984611
-0.00194345
-0.00130348
-0.000518291
0.000199319
0.000746966
0.00108729
0.00121096
0.00113855
0.000915269
0.000597481
0.000230297
-0.000153554
-0.000536588
-0.00090457
-0.00124144
-0.00154334
-0.0018175
-0.00207824
-0.00232946
-0.0025744
-0.00281541
-0.00305517
-0.00329829
-0.00355429
-0.00381754
-0.00406991
-0.00431406
-0.00455279
-0.00477766
-0.00497221
-0.0051356
-0.00527011
-0.00537026
-0.00543339
-0.00546332
-0.00547744
-0.00547872
-0.00547539
-0.00547968
-0.00550054
-0.00554156
-0.00559114
-0.00565494
-0.00572572
-0.00579751
-0.0058746
-0.00595062
-0.00603042
-0.00611231
-0.00619933
-0.00628994
-0.0063737
-0.00645878
-0.00653684
-0.00660512
-0.00668086
-0.00676394
-0.00685515
-0.0069445
-0.00702624
-0.00711248
-0.00719295
-0.0072758
-0.00736712
-0.00744695
-0.00753314
-0.00762024
-0.00768818
-0.00776824
-0.00785808
-0.00794247
-0.00802949
-0.0080969
-0.00816386
-0.00826091
-0.00834095
-0.00839687
-0.00847283
-0.0085582
-0.00862725
-0.00868966
-0.00876014
-0.00883346
-0.00889825
-0.00895862
-0.0090262
-0.00909285
-0.0091517
-0.0092131
-0.0092764
-0.00933593
-0.00939468
-0.00945545
-0.0095147
-0.00957188
-0.00962934
-0.00968716
-0.00974362
-0.00979557
-0.00984474
-0.00214173
-0.00149793
-0.000705425
2.03946e-05
0.000577453
0.000928795
0.00106638
0.00100871
0.000798536
0.000491652
0.000135057
-0.000238667
-0.000611178
-0.000970101
-0.00130024
-0.00159466
-0.00185916
-0.00210736
-0.00234661
-0.00257701
-0.00280089
-0.00302388
-0.00324867
-0.00348343
-0.00372762
-0.0039672
-0.00419996
-0.0044287
-0.00464859
-0.00484498
-0.00501298
-0.00515313
-0.00526308
-0.00534007
-0.00538334
-0.00540895
-0.00542464
-0.00543467
-0.0054484
-0.00547572
-0.00552176
-0.00557539
-0.00563758
-0.00570736
-0.00577929
-0.00585338
-0.00592959
-0.00601188
-0.00609482
-0.00618209
-0.0062732
-0.00635896
-0.00644545
-0.00652373
-0.00659246
-0.00666747
-0.00674877
-0.00684074
-0.006932
-0.00701342
-0.00709997
-0.0071806
-0.00726221
-0.00735583
-0.00743737
-0.0075212
-0.00760862
-0.00767763
-0.00775609
-0.00784641
-0.00793267
-0.00802019
-0.00808726
-0.00815265
-0.00824967
-0.00833268
-0.00838919
-0.00846272
-0.00854809
-0.00861953
-0.00868265
-0.00875212
-0.00882545
-0.00889144
-0.00895234
-0.00901974
-0.00908689
-0.0091465
-0.00920808
-0.00927152
-0.00933157
-0.00939078
-0.00945178
-0.00951132
-0.0095688
-0.00962658
-0.00968471
-0.00974144
-0.00979365
-0.00984318
-0.00233607
-0.00168895
-0.000889619
-0.000155858
0.000409825
0.000770713
0.000919886
0.000875737
0.000678676
0.000382711
3.60291e-05
-0.000327621
-0.000689452
-0.00103767
-0.00135967
-0.00164613
-0.0019011
-0.0021364
-0.00236214
-0.00257924
-0.00278674
-0.00299293
-0.00320099
-0.00341692
-0.00364271
-0.00386951
-0.00409216
-0.00431118
-0.00452498
-0.00472166
-0.00489415
-0.00503928
-0.00515627
-0.00524439
-0.00530064
-0.00533655
-0.00536399
-0.00538789
-0.0054124
-0.00544719
-0.0054986
-0.00555719
-0.00561993
-0.0056878
-0.0057599
-0.00583201
-0.00590643
-0.00599075
-0.00607621
-0.00616399
-0.00625544
-0.00634257
-0.00643036
-0.00650932
-0.00657845
-0.0066539
-0.00673398
-0.00682537
-0.00691853
-0.00699964
-0.00708618
-0.00716811
-0.00724788
-0.00734258
-0.00742753
-0.00750982
-0.00759616
-0.00766614
-0.00774341
-0.0078337
-0.00792194
-0.00801074
-0.00807759
-0.00814086
-0.0082375
-0.00832373
-0.0083812
-0.00845223
-0.00853738
-0.00861127
-0.00867529
-0.00874373
-0.00881696
-0.0088842
-0.00894576
-0.00901297
-0.00908058
-0.00914096
-0.00920275
-0.00926637
-0.00932694
-0.00938659
-0.00944788
-0.00950774
-0.00956551
-0.00962362
-0.00968207
-0.00973909
-0.00979156
-0.00984143
-0.00252585
-0.00187567
-0.00107049
-0.000329439
0.000244072
0.000613776
0.000772988
0.000740965
0.000556416
0.000271431
-6.58595e-05
-0.000419704
-0.000770868
-0.00110765
-0.00142016
-0.00169831
-0.00194333
-0.00216592
-0.00237672
-0.00258057
-0.00277351
-0.00296347
-0.00315568
-0.00335459
-0.00356349
-0.00377722
-0.00399022
-0.00420069
-0.00440857
-0.00460396
-0.00477958
-0.00492903
-0.00505099
-0.00514724
-0.00521511
-0.00526132
-0.00529826
-0.00533509
-0.0053716
-0.00541508
-0.00547215
-0.00553551
-0.00560127
-0.00566731
-0.00573838
-0.00581045
-0.0058826
-0.00596684
-0.0060555
-0.00614547
-0.00623714
-0.00632441
-0.00641305
-0.00649342
-0.00656354
-0.00663982
-0.00671929
-0.00680975
-0.00690436
-0.00698458
-0.00707055
-0.00715554
-0.0072341
-0.00732751
-0.00741606
-0.00749876
-0.00758344
-0.0076535
-0.00773012
-0.00782054
-0.00791029
-0.00800064
-0.00806775
-0.00812852
-0.00822447
-0.00831431
-0.00837285
-0.00844115
-0.00852618
-0.00860266
-0.00866743
-0.0087348
-0.00880813
-0.00887669
-0.00893875
-0.00900574
-0.00907392
-0.00913513
-0.00919709
-0.00926089
-0.00932201
-0.00938217
-0.00944377
-0.00950395
-0.00956199
-0.00962047
-0.00967929
-0.00973659
-0.0097893
-0.00983945
-0.00271046
-0.0020575
-0.00124735
-0.000499747
8.09342e-05
0.000459046
0.000627415
0.000605987
0.000432598
0.000158282
-0.000169719
-0.000514132
-0.000854877
-0.00118029
-0.00148187
-0.00175104
-0.00198581
-0.00219631
-0.00239197
-0.00258159
-0.00276126
-0.00293601
-0.00311288
-0.00329614
-0.00348997
-0.00369106
-0.00389524
-0.00409824
-0.00430034
-0.00449253
-0.00466907
-0.00482244
-0.00494798
-0.00505018
-0.00512718
-0.00518391
-0.00522988
-0.00527715
-0.00532608
-0.00537881
-0.00544226
-0.00551008
-0.00557962
-0.00564612
-0.00571537
-0.00578821
-0.0058593
-0.00594138
-0.00603189
-0.00612528
-0.00621815
-0.00630477
-0.00639435
-0.00647671
-0.0065472
-0.00662409
-0.00670387
-0.00679428
-0.00689042
-0.00696872
-0.00705277
-0.00714191
-0.00722082
-0.00731146
-0.00740248
-0.00748709
-0.00757117
-0.00764076
-0.00771605
-0.00780644
-0.00789762
-0.00798968
-0.0080578
-0.00811601
-0.00821055
-0.00830429
-0.00836429
-0.00842937
-0.00851426
-0.00859383
-0.00865928
-0.00872528
-0.00879881
-0.00886886
-0.00893135
-0.00899809
-0.00906692
-0.00912899
-0.00919113
-0.00925517
-0.00931683
-0.00937746
-0.0094394
-0.00949993
-0.00955828
-0.00961713
-0.00967633
-0.00973387
-0.00978681
-0.00983726
-0.00288951
-0.00223396
-0.00141941
-0.000665871
-7.87389e-05
0.000307052
0.000483894
0.00047173
0.00030826
4.38258e-05
-0.000274778
-0.000610324
-0.000940888
-0.00125534
-0.00154534
-0.00180477
-0.00202933
-0.00222788
-0.00240899
-0.00258312
-0.00274968
-0.00291038
-0.00307294
-0.00324192
-0.00342245
-0.00361184
-0.00380767
-0.00400389
-0.00420006
-0.0043887
-0.0045638
-0.00471985
-0.00484797
-0.00495424
-0.00503845
-0.00510476
-0.00516032
-0.00521544
-0.00527579
-0.00533835
-0.00540862
-0.00548125
-0.00555397
-0.00562367
-0.00569167
-0.00576445
-0.00583635
-0.00591576
-0.00600588
-0.00610173
-0.0061981
-0.00628526
-0.0063744
-0.00645914
-0.00652902
-0.00660575
-0.00668799
-0.00677877
-0.00687645
-0.00695337
-0.00703349
-0.00712591
-0.00720717
-0.00729549
-0.00738809
-0.0074744
-0.00755826
-0.00762803
-0.00770164
-0.0077911
-0.00788384
-0.00797825
-0.00804785
-0.00810316
-0.00819551
-0.00829372
-0.00835584
-0.00841686
-0.00850129
-0.00858486
-0.00865109
-0.00871501
-0.00878883
-0.00886086
-0.00892371
-0.00898997
-0.00905954
-0.00912263
-0.00918493
-0.00924912
-0.00931129
-0.00937247
-0.00943486
-0.00949571
-0.00955431
-0.00961352
-0.00967313
-0.00973095
-0.00978414
-0.00983488
-0.00306289
-0.00240482
-0.00158605
-0.000827052
-0.000234065
0.000158103
0.000342668
0.00033881
0.000184687
-7.08701e-05
-0.000380413
-0.000707557
-0.00102851
-0.00133251
-0.00161128
-0.00185989
-0.00207421
-0.00226058
-0.00242801
-0.00258616
-0.00273904
-0.00288672
-0.00303628
-0.00319254
-0.00336086
-0.00353997
-0.00372767
-0.00391841
-0.00410855
-0.00429337
-0.00446506
-0.0046208
-0.00475154
-0.00486015
-0.00495028
-0.00502445
-0.00508971
-0.00515268
-0.00522185
-0.00529447
-0.00537095
-0.0054486
-0.00552478
-0.0055981
-0.00566691
-0.00573945
-0.00581321
-0.0058909
-0.00597901
-0.00607494
-0.00617565
-0.00626594
-0.00635287
-0.00644044
-0.00651074
-0.00658493
-0.0066711
-0.00676273
-0.00686124
-0.00693976
-0.00701447
-0.00710658
-0.00719205
-0.00727977
-0.0073734
-0.00746079
-0.00754381
-0.00761497
-0.00768816
-0.00777526
-0.00786836
-0.00796598
-0.0080379
-0.00808993
-0.00817942
-0.00828264
-0.00834769
-0.0084039
-0.0084871
-0.00857543
-0.00864305
-0.00870435
-0.00877811
-0.00885249
-0.00891584
-0.00898151
-0.0090518
-0.00911589
-0.00917836
-0.00924279
-0.00930555
-0.00936726
-0.00943009
-0.00949121
-0.00955008
-0.00960974
-0.00966978
-0.00972783
-0.00978121
-0.00983223
-0.00322985
-0.00256959
-0.00174658
-0.000982491
-0.000383935
1.34075e-05
0.000204617
0.00020829
6.2897e-05
-0.000184435
-0.000486019
-0.000805221
-0.00111766
-0.00141147
-0.00167965
-0.0019169
-0.00212086
-0.00229521
-0.00244935
-0.00259214
-0.00273037
-0.00286553
-0.00300282
-0.0031481
-0.0033054
-0.00347581
-0.00365594
-0.00384171
-0.00402643
-0.00420607
-0.00437394
-0.00452637
-0.00465877
-0.00476865
-0.00486299
-0.00494457
-0.00501868
-0.00509099
-0.00516621
-0.00524702
-0.00532964
-0.00541176
-0.00549255
-0.00556861
-0.0056404
-0.0057142
-0.00578919
-0.0058667
-0.00595269
-0.00604652
-0.00614914
-0.00624494
-0.00633105
-0.00642034
-0.00649372
-0.00656333
-0.00665087
-0.00674536
-0.00684456
-0.00692722
-0.00699766
-0.00708519
-0.00717462
-0.00726324
-0.00735758
-0.00744755
-0.00752948
-0.00760033
-0.0076744
-0.00775988
-0.00785145
-0.0079521
-0.00802825
-0.00807688
-0.00816214
-0.00827095
-0.00833997
-0.00839053
-0.0084716
-0.00856545
-0.00863521
-0.00869344
-0.00876669
-0.00884369
-0.0089078
-0.00897269
-0.00904354
-0.0091088
-0.00917168
-0.00923631
-0.00929945
-0.00936168
-0.00942508
-0.00948656
-0.00954568
-0.00960576
-0.00966621
-0.00972449
-0.00977806
-0.00982933
-0.00338913
-0.00272725
-0.00190055
-0.00113172
-0.000527832
-0.000125666
7.0799e-05
8.0975e-05
-5.69477e-05
-0.000296473
-0.000591225
-0.000903197
-0.00120794
-0.00149216
-0.00175005
-0.00197651
-0.0021696
-0.00233226
-0.00247299
-0.00260143
-0.00272457
-0.00284709
-0.00297293
-0.00310865
-0.00325687
-0.00341943
-0.00359323
-0.00377379
-0.00395431
-0.00412755
-0.00429061
-0.00443803
-0.0045688
-0.00468039
-0.00477772
-0.00486668
-0.00494859
-0.00502998
-0.00511106
-0.00519685
-0.00528562
-0.00537133
-0.00545672
-0.00553595
-0.00561146
-0.00568838
-0.00576421
-0.00584268
-0.00592718
-0.00601798
-0.00611929
-0.00622036
-0.00630992
-0.00639904
-0.00647673
-0.00654343
-0.00662675
-0.00672532
-0.00682776
-0.00691425
-0.00698334
-0.00706438
-0.00715446
-0.00724468
-0.00734024
-0.0074347
-0.00751659
-0.00758394
-0.00765857
-0.00774575
-0.00783496
-0.00793615
-0.00801809
-0.00806434
-0.00814361
-0.00825823
-0.00833275
-0.00837717
-0.00845512
-0.0085547
-0.00862713
-0.00868254
-0.00875511
-0.00883439
-0.00889919
-0.00896361
-0.00903519
-0.00910152
-0.00916466
-0.00922939
-0.00929297
-0.00935591
-0.00941997
-0.00948172
-0.009541
-0.00960156
-0.00966247
-0.00972096
-0.00977472
-0.0098262
-0.00353989
-0.00287658
-0.00204726
-0.00127433
-0.000665581
-0.000258478
-5.76886e-05
-4.23778e-05
-0.000174299
-0.000406907
-0.00069523
-0.00100098
-0.0012987
-0.00157459
-0.0018225
-0.00203872
-0.00222053
-0.00237138
-0.00249886
-0.00261339
-0.00272227
-0.00283201
-0.00294743
-0.00307441
-0.00321581
-0.00337172
-0.0035405
-0.00371584
-0.00389173
-0.00405835
-0.00421432
-0.00435666
-0.00448304
-0.00459575
-0.00469591
-0.00479092
-0.00488073
-0.00496969
-0.00505779
-0.00514614
-0.00523938
-0.00532865
-0.00541669
-0.00550077
-0.00558013
-0.0056607
-0.0057386
-0.0058182
-0.00590232
-0.00599058
-0.00608861
-0.00619181
-0.00628758
-0.00637698
-0.00645795
-0.00652674
-0.00660233
-0.00670094
-0.00681016
-0.00689996
-0.00696952
-0.00704665
-0.00713371
-0.00722396
-0.00732061
-0.00742009
-0.00750606
-0.00756913
-0.00763972
-0.00773055
-0.00782028
-0.00791931
-0.00800638
-0.00805198
-0.0081242
-0.00824464
-0.00832643
-0.00836388
-0.00843742
-0.00854336
-0.00861896
-0.0086714
-0.00874325
-0.00882468
-0.00889025
-0.00895444
-0.00902659
-0.0090937
-0.00915728
-0.00922236
-0.00928637
-0.00934992
-0.00941459
-0.00947658
-0.0095361
-0.00959717
-0.00965851
-0.00971719
-0.00977118
-0.00982291
-0.00368222
-0.00301708
-0.00218576
-0.00140978
-0.00079702
-0.000385355
-0.000180458
-0.000161184
-0.000288366
-0.000515485
-0.000797905
-0.00109841
-0.00139019
-0.00165893
-0.00189759
-0.00210329
-0.00227382
-0.00241235
-0.00252673
-0.00262745
-0.00272321
-0.00282075
-0.0029266
-0.00304621
-0.00318271
-0.00333401
-0.00349793
-0.00366806
-0.00383814
-0.00399889
-0.0041463
-0.00428209
-0.00440349
-0.00451508
-0.00461856
-0.00471851
-0.00481623
-0.00491151
-0.0050062
-0.00509733
-0.00519163
-0.00528407
-0.00537368
-0.00546326
-0.00554727
-0.00563077
-0.00571259
-0.00579356
-0.00587787
-0.00596435
-0.00605862
-0.00616043
-0.00626128
-0.00635487
-0.00643799
-0.00651138
-0.00658135
-0.00667235
-0.00678815
-0.00688526
-0.00695572
-0.0070319
-0.00711468
-0.00720112
-0.00729801
-0.00740248
-0.00749652
-0.00755829
-0.00761925
-0.00771165
-0.00780703
-0.00790404
-0.00799323
-0.00803923
-0.00810468
-0.00823012
-0.00832038
-0.0083511
-0.00841923
-0.00853168
-0.00861041
-0.0086597
-0.00873158
-0.00881529
-0.00888087
-0.00894461
-0.00901767
-0.0090859
-0.00915001
-0.0092152
-0.0092794
-0.00934361
-0.009409
-0.00947125
-0.00953097
-0.00959256
-0.00965434
-0.00971324
-0.00976745
-0.0098195
-0.00381579
-0.00314903
-0.002316
-0.00153814
-0.000922666
-0.000507668
-0.000299108
-0.000276529
-0.000400045
-0.000623013
-0.000900714
-0.00119656
-0.00148343
-0.00174564
-0.00197568
-0.00217054
-0.00232944
-0.00245505
-0.0025558
-0.00264279
-0.00272611
-0.00281322
-0.00291093
-0.00302513
-0.00315806
-0.00330657
-0.00346614
-0.00363096
-0.00379426
-0.00394805
-0.00408649
-0.00421374
-0.00433086
-0.0044404
-0.00454643
-0.00465119
-0.00475561
-0.00485683
-0.00495618
-0.00505063
-0.00514434
-0.00523865
-0.00533043
-0.00542398
-0.00551307
-0.00559937
-0.00568561
-0.00576865
-0.00585384
-0.00593961
-0.00603027
-0.00612948
-0.00623173
-0.00633187
-0.00641853
-0.0064947
-0.00656441
-0.00664433
-0.00676029
-0.00686959
-0.00694238
-0.00701699
-0.00709831
-0.0071793
-0.00727349
-0.00738064
-0.00748465
-0.00755157
-0.00760087
-0.00768808
-0.0077916
-0.00789101
-0.00798041
-0.00802547
-0.00808413
-0.00821401
-0.00831449
-0.00833972
-0.00840055
-0.00851864
-0.00860157
-0.00864822
-0.00872
-0.00880563
-0.00887095
-0.0089345
-0.00900885
-0.0090781
-0.0091424
-0.00920757
-0.00927213
-0.00933721
-0.00940326
-0.00946569
-0.00952567
-0.00958775
-0.00964988
-0.00970896
-0.00976333
-0.00981536
-0.00393641
-0.00327014
-0.00243698
-0.00165873
-0.00104235
-0.000626037
-0.000415573
-0.000390852
-0.000511963
-0.000731919
-0.00100616
-0.0012979
-0.00158028
-0.00183609
-0.00205729
-0.00224073
-0.00238687
-0.00249896
-0.00258529
-0.00265847
-0.00273007
-0.00280899
-0.00290114
-0.00301193
-0.00314301
-0.00329007
-0.00344604
-0.00360401
-0.00375859
-0.00390374
-0.00403384
-0.00415246
-0.00426502
-0.0043736
-0.00448112
-0.00458985
-0.0046993
-0.00480541
-0.00490802
-0.00500507
-0.00509873
-0.00519359
-0.00528773
-0.00538351
-0.00547676
-0.00556693
-0.0056574
-0.00574353
-0.00583002
-0.00591584
-0.00600388
-0.00610053
-0.00620095
-0.00630582
-0.00639904
-0.00647692
-0.00655041
-0.00662316
-0.00672896
-0.00684919
-0.00693045
-0.00700232
-0.00708479
-0.00716249
-0.00724928
-0.0073552
-0.00746912
-0.00754747
-0.00758928
-0.00766377
-0.00777152
-0.00787948
-0.0079709
-0.00801156
-0.008063
-0.0081975
-0.00830833
-0.00832945
-0.00838262
-0.00850506
-0.00859267
-0.00863703
-0.00870825
-0.00879622
-0.00886179
-0.00892457
-0.00899965
-0.00907026
-0.0091351
-0.00920018
-0.00926511
-0.00933105
-0.00939765
-0.0094603
-0.00952062
-0.00958312
-0.00964553
-0.00970488
-0.0097596
-0.00981207
-0.0040386
-0.00337539
-0.00254485
-0.00176845
-0.00115348
-0.000738675
-0.000529916
-0.000506509
-0.000628079
-0.000847161
-0.00111928
-0.00140769
-0.00168529
-0.00193402
-0.00214469
-0.00231462
-0.00244555
-0.00254241
-0.0026138
-0.00267329
-0.00273471
-0.00280803
-0.00289851
-0.00300875
-0.00313935
-0.00328494
-0.00343683
-0.00358682
-0.00373043
-0.00386527
-0.00398726
-0.00409918
-0.00420731
-0.00431586
-0.00442511
-0.00453569
-0.00464837
-0.00475773
-0.00486249
-0.00496125
-0.00505604
-0.00515111
-0.00524584
-0.00534313
-0.00543991
-0.00553438
-0.00562811
-0.00571686
-0.00580548
-0.00589261
-0.00597922
-0.00607341
-0.00617047
-0.00627618
-0.00637725
-0.00645863
-0.00653573
-0.00660646
-0.00669783
-0.00682164
-0.00691716
-0.00698777
-0.00706947
-0.0071493
-0.00722803
-0.00732645
-0.00744754
-0.0075406
-0.00758292
-0.00764361
-0.00774554
-0.00786224
-0.00796404
-0.00800119
-0.00804111
-0.0081773
-0.00829988
-0.00832118
-0.0083667
-0.00848935
-0.00858154
-0.00862618
-0.00869647
-0.00878598
-0.00885236
-0.00891401
-0.00898932
-0.00906197
-0.00912764
-0.00919211
-0.00925727
-0.00932418
-0.0093912
-0.00945409
-0.00951489
-0.00957772
-0.00964036
-0.00970003
-0.00975492
-0.00980718
-0.00411027
-0.00345283
-0.00262952
-0.00185992
-0.00125095
-0.000842216
-0.000640308
-0.00062399
-0.000751549
-0.000974312
-0.00124725
-0.00153358
-0.00180585
-0.00204525
-0.00224182
-0.00239357
-0.00250492
-0.00258348
-0.00263973
-0.00268729
-0.00274138
-0.0028126
-0.00290512
-0.00301814
-0.00314916
-0.00329257
-0.00343862
-0.00357912
-0.00370979
-0.00383272
-0.00394701
-0.00405426
-0.00415976
-0.00426796
-0.00437942
-0.00449052
-0.00460383
-0.00471481
-0.00482026
-0.0049209
-0.00501671
-0.00511282
-0.00520805
-0.00530632
-0.0054064
-0.00550266
-0.00559925
-0.00569061
-0.00578148
-0.0058715
-0.00595699
-0.00604989
-0.00614433
-0.00624753
-0.00635349
-0.00643982
-0.00652086
-0.00659409
-0.00667584
-0.00679226
-0.00689829
-0.00697577
-0.00705429
-0.00713829
-0.00721539
-0.00729974
-0.00742061
-0.0075297
-0.00758089
-0.00763411
-0.0077211
-0.00783729
-0.00795814
-0.00800059
-0.00802257
-0.00815271
-0.00829045
-0.0083181
-0.00835448
-0.00847249
-0.00857026
-0.00861844
-0.00868619
-0.00877527
-0.00884447
-0.00890575
-0.00897961
-0.00905409
-0.00912143
-0.00918531
-0.0092505
-0.00931824
-0.0093856
-0.00944891
-0.00951028
-0.00957316
-0.00963582
-0.00969591
-0.00975118
-0.00980371
-0.00413389
-0.00348277
-0.00267081
-0.00191446
-0.00131913
-0.000924573
-0.000738224
-0.000737975
-0.000880268
-0.00111383
-0.00139241
-0.00167839
-0.00194453
-0.00217139
-0.00234913
-0.00247696
-0.0025633
-0.00262023
-0.0026615
-0.00270155
-0.00275377
-0.00282819
-0.00292603
-0.00304387
-0.00317447
-0.00331233
-0.00344879
-0.00357751
-0.00369571
-0.00380678
-0.0039146
-0.00401874
-0.00412395
-0.0042316
-0.00434389
-0.00445543
-0.00456629
-0.0046774
-0.00478232
-0.00488461
-0.0049816
-0.00507889
-0.00517629
-0.00527353
-0.00537565
-0.00547211
-0.00557085
-0.00566593
-0.0057572
-0.00585096
-0.00593643
-0.00602935
-0.00612298
-0.00621994
-0.00632737
-0.00641925
-0.00650567
-0.00658408
-0.00666009
-0.00676424
-0.00687247
-0.00696266
-0.00704096
-0.00712432
-0.00720783
-0.00727964
-0.00738778
-0.00751017
-0.00757633
-0.0076311
-0.00770483
-0.0078027
-0.00793642
-0.00800668
-0.00801565
-0.00811905
-0.00826966
-0.00832017
-0.00834771
-0.00845142
-0.00855566
-0.0086124
-0.00867629
-0.00876225
-0.00883574
-0.00889835
-0.00896913
-0.00904407
-0.00911407
-0.00917837
-0.0092431
-0.009311
-0.00937879
-0.00944303
-0.00950506
-0.00956775
-0.00963043
-0.00969117
-0.00974674
-0.00979918
-0.00414722
-0.0034989
-0.00269525
-0.00195132
-0.00137142
-0.000994573
-0.000828879
-0.000851012
-0.00101518
-0.00126558
-0.00155243
-0.00183623
-0.00209016
-0.00229617
-0.00244643
-0.00254426
-0.00260286
-0.00264071
-0.0026741
-0.002717
-0.00277739
-0.00286136
-0.00296656
-0.00308697
-0.00321337
-0.00334006
-0.0034632
-0.00357897
-0.00368755
-0.00379048
-0.00389414
-0.00399774
-0.00410364
-0.00421147
-0.00432165
-0.00443272
-0.00454001
-0.00464896
-0.00475361
-0.00485617
-0.00495581
-0.00505322
-0.00515286
-0.00524878
-0.00535027
-0.00544851
-0.00554642
-0.00564525
-0.0057363
-0.00583287
-0.00592239
-0.00601314
-0.00610758
-0.00619819
-0.0063031
-0.0064007
-0.00649062
-0.00657703
-0.00665128
-0.00674416
-0.0068483
-0.00694539
-0.00703169
-0.00711212
-0.00720195
-0.00727428
-0.00735896
-0.00748225
-0.00757144
-0.00763262
-0.00770156
-0.0077764
-0.00790019
-0.00801313
-0.0080328
-0.00808634
-0.00823224
-0.00832754
-0.00835421
-0.00842723
-0.00853661
-0.0086108
-0.00866978
-0.00874848
-0.00882721
-0.00889357
-0.0089614
-0.00903455
-0.00910658
-0.00917315
-0.00923767
-0.00930401
-0.00937185
-0.00943781
-0.00950041
-0.00956223
-0.00962481
-0.00968628
-0.00974189
-0.00979372
-0.00401645
-0.0034333
-0.00271117
-0.00204422
-0.0015319
-0.00121379
-0.00109506
-0.00114646
-0.00131958
-0.00155864
-0.00181445
-0.0020508
-0.00224594
-0.00239089
-0.00248683
-0.00254556
-0.00258392
-0.00262067
-0.00266796
-0.00273214
-0.00281327
-0.00290968
-0.00301775
-0.00313124
-0.00324464
-0.00335406
-0.0034609
-0.00356519
-0.00366793
-0.00376893
-0.00387111
-0.00397605
-0.00408219
-0.00418963
-0.00429659
-0.00440556
-0.0045118
-0.00461724
-0.00472243
-0.0048247
-0.00492705
-0.00502561
-0.00512627
-0.00522452
-0.00532356
-0.0054247
-0.00552127
-0.00562115
-0.0057155
-0.00581164
-0.00590767
-0.00599689
-0.00609156
-0.00618076
-0.00627799
-0.00638073
-0.00647329
-0.0065661
-0.00664498
-0.006728
-0.0068276
-0.00692416
-0.0070189
-0.00710348
-0.0071905
-0.00727255
-0.00734148
-0.00744865
-0.00756167
-0.00763438
-0.00770175
-0.00776454
-0.00785894
-0.0080006
-0.00806573
-0.00807323
-0.00818257
-0.00832781
-0.00837423
-0.00840779
-0.00851243
-0.00861171
-0.00866778
-0.0087346
-0.00881889
-0.00889131
-0.00895617
-0.0090262
-0.00909933
-0.00916946
-0.00923521
-0.00929876
-0.00936572
-0.00943456
-0.00949831
-0.00955855
-0.00962087
-0.00968359
-0.00973972
-0.00979175
-0.00317854
-0.00272197
-0.00223453
-0.00183582
-0.00159013
-0.00151216
-0.00157807
-0.00174239
-0.00195188
-0.00215865
-0.00232697
-0.00243981
-0.00249957
-0.00252378
-0.00253382
-0.00254898
-0.0025813
-0.00263721
-0.00271625
-0.00281233
-0.00291666
-0.00302115
-0.0031226
-0.0032197
-0.00331341
-0.00340421
-0.00349528
-0.00358926
-0.0036865
-0.00378583
-0.00388629
-0.00398973
-0.00409369
-0.00419745
-0.00430029
-0.0044047
-0.00450895
-0.00461074
-0.00471357
-0.00481486
-0.00491627
-0.0050155
-0.00511511
-0.00521441
-0.00531193
-0.00541247
-0.00550955
-0.00560817
-0.00570546
-0.00580064
-0.00589854
-0.00598938
-0.00608141
-0.00617132
-0.00626271
-0.00636532
-0.00646091
-0.00655453
-0.00663971
-0.00671767
-0.00681097
-0.00690625
-0.00700282
-0.00709465
-0.00717909
-0.0072656
-0.00733216
-0.00741907
-0.00754263
-0.00763308
-0.00769714
-0.007755
-0.00782684
-0.00796789
-0.00807675
-0.00807481
-0.00813991
-0.00830705
-0.00838764
-0.00839881
-0.00848651
-0.0086053
-0.00866631
-0.00872097
-0.00880609
-0.00888508
-0.00894891
-0.00901607
-0.00908861
-0.00916085
-0.00922933
-0.00929155
-0.00935616
-0.0094268
-0.00949281
-0.00955201
-0.00961329
-0.0096768
-0.00973318
-0.00978425
)
;

boundaryField
{
    zeroGradientPlanes
    {
        type            zeroGradient;
    }
    inlet
    {
        type            zeroGradient;
    }
    plate
    {
        type            zeroGradient;
    }
    frontAndBack
    {
        type            empty;
    }
}


// ************************************************************************* //
